xlin values
-3.000000000000000000e+00 2.321770141250068843e-03
-2.993993993993993907e+00 2.399856220119931955e-03
-2.987987987987987815e+00 2.480261692642669446e-03
-2.981981981981982166e+00 2.563044047466333381e-03
-2.975975975975976073e+00 2.648261799265723762e-03
-2.969969969969969981e+00 2.735974493576746273e-03
-2.963963963963963888e+00 2.826242711145051777e-03
-2.957957957957957795e+00 2.919128071769471009e-03
-2.951951951951952147e+00 3.014693237620700607e-03
-2.945945945945946054e+00 3.113001916015576114e-03
-2.939939939939939961e+00 3.214118861626875500e-03
-2.933933933933933869e+00 3.318109878108687835e-03
-2.927927927927927776e+00 3.425041819117138030e-03
-2.921921921921922127e+00 3.534982588706061645e-03
-2.915915915915916035e+00 3.648001141077301425e-03
-2.909909909909909942e+00 3.764167479664955445e-03
-2.903903903903903849e+00 3.883552655533154419e-03
-2.897897897897897757e+00 4.006228765066567957e-03
-2.891891891891892108e+00 4.132268946933045570e-03
-2.885885885885886015e+00 4.261747378297715827e-03
-2.879879879879879923e+00 4.394739270267716998e-03
-2.873873873873873830e+00 4.531320862547086846e-03
-2.867867867867867737e+00 4.671569417281113724e-03
-2.861861861861862089e+00 4.815563212069536546e-03
-2.855855855855855996e+00 4.963381532128372832e-03
-2.849849849849849903e+00 5.115104661579757649e-03
-2.843843843843843811e+00 5.270813873849911763e-03
-2.837837837837837718e+00 5.430591421155013879e-03
-2.831831831831832069e+00 5.594520523055307795e-03
-2.825825825825825977e+00 5.762685354057781387e-03
-2.819819819819819884e+00 5.935171030247991114e-03
-2.813813813813813791e+00 6.112063594932205975e-03
-2.807807807807807698e+00 6.293450003270826230e-03
-2.801801801801801606e+00 6.479418105884806808e-03
-2.795795795795795957e+00 6.670056631416945367e-03
-2.789789789789789864e+00 6.865455168030365138e-03
-2.783783783783783772e+00 7.065704143826795000e-03
-2.777777777777777679e+00 7.270894806168046350e-03
-2.771771771771771586e+00 7.481119199884121024e-03
-2.765765765765765938e+00 7.696470144352166032e-03
-2.759759759759759845e+00 7.917041209431069371e-03
-2.753753753753753752e+00 8.142926690236734072e-03
-2.747747747747747660e+00 8.374221580744072024e-03
-2.741741741741741567e+00 8.611021546202222293e-03
-2.735735735735735918e+00 8.853422894349996519e-03
-2.729729729729729826e+00 9.101522545419599153e-03
-2.723723723723723733e+00 9.355418000916977325e-03
-2.717717717717717640e+00 9.615207311168376403e-03
-2.711711711711711548e+00 9.880989041623131769e-03
-2.705705705705705899e+00 1.015286223790361209e-02
-2.699699699699699806e+00 1.043092638959435860e-02
-2.693693693693693714e+00 1.071528139276268533e-02
-2.687687687687687621e+00 1.100602751120502085e-02
-2.681681681681681528e+00 1.130326533641297024e-02
-2.675675675675675436e+00 1.160709574625509374e-02
-2.669669669669669787e+00 1.191761986237080753e-02
-2.663663663663663694e+00 1.223493900627418626e-02
-2.657657657657657602e+00 1.255915465416615126e-02
-2.651651651651651509e+00 1.289036839045531839e-02
-2.645645645645645416e+00 1.322868185998801391e-02
-2.639639639639639768e+00 1.357419671898997711e-02
-2.633633633633633675e+00 1.392701458472305615e-02
-2.627627627627627582e+00 1.428723698386121128e-02
-2.621621621621621490e+00 1.465496529959205325e-02
-2.615615615615615397e+00 1.503030071745092150e-02
-2.609609609609609748e+00 1.541334416989575268e-02
-2.603603603603603656e+00 1.580419627963295520e-02
-2.597597597597597563e+00 1.620295730170492193e-02
-2.591591591591591470e+00 1.660972706435214982e-02
-2.585585585585585378e+00 1.702460490866379225e-02
-2.579579579579579729e+00 1.744768962703192525e-02
-2.573573573573573636e+00 1.787907940042651050e-02
-2.567567567567567544e+00 1.831887173450912065e-02
-2.561561561561561451e+00 1.876716339460570565e-02
-2.555555555555555358e+00 1.922405033955926212e-02
-2.549549549549549710e+00 1.968962765448542540e-02
-2.543543543543543617e+00 2.016398948245552367e-02
-2.537537537537537524e+00 2.064722895513269180e-02
-2.531531531531531432e+00 2.113943812238889067e-02
-2.525525525525525339e+00 2.164070788093186426e-02
-2.519519519519519690e+00 2.215112790197252060e-02
-2.513513513513513598e+00 2.267078655796546729e-02
-2.507507507507507505e+00 2.319977084845581752e-02
-2.501501501501501412e+00 2.373816632506878244e-02
-2.495495495495495319e+00 2.428605701567826750e-02
-2.489489489489489671e+00 2.484352534779364630e-02
-2.483483483483483578e+00 2.541065207120524194e-02
-2.477477477477477485e+00 2.598751617992963586e-02
-2.471471471471471393e+00 2.657419483349937606e-02
-2.465465465465465300e+00 2.717076327764176083e-02
-2.459459459459459651e+00 2.777729476439301168e-02
-2.453453453453453559e+00 2.839386047169730615e-02
-2.447447447447447466e+00 2.902052942253914233e-02
-2.441441441441441373e+00 2.965736840366182264e-02
-2.435435435435435281e+00 3.030444188392403260e-02
-2.429429429429429632e+00 3.096181193234968584e-02
-2.423423423423423539e+00 3.162953813592683100e-02
-2.417417417417417447e+00 3.230767751721284192e-02
-2.411411411411411354e+00 3.299628445180528835e-02
-2.405405405405405261e+00 3.369541058573876507e-02
-2.399399399399399613e+00 3.440510475286903680e-02
-2.393393393393393520e+00 3.512541289230852043e-02
-2.387387387387387427e+00 3.585637796597625909e-02
-2.381381381381381335e+00 3.659803987632966049e-02
-2.375375375375375242e+00 3.735043538434393295e-02
-2.369369369369369593e+00 3.811359802780787259e-02
-2.363363363363363501e+00 3.888755804000573052e-02
-2.357357357357357408e+00 3.967234226885484050e-02
-2.351351351351351315e+00 4.046797409657182376e-02
-2.345345345345345223e+00 4.127447335993931349e-02
-2.339339339339339574e+00 4.209185627124679280e-02
-2.333333333333333481e+00 4.292013533998111779e-02
-2.327327327327327389e+00 4.375931929534068038e-02
-2.321321321321321296e+00 4.460941300965112766e-02
-2.315315315315315203e+00 4.547041742275872295e-02
-2.309309309309309555e+00 4.634232946747945947e-02
-2.303303303303303462e+00 4.722514199618257913e-02
-2.297297297297297369e+00 4.811884370858662829e-02
-2.291291291291291277e+00 4.902341908084904137e-02
-2.285285285285285184e+00 4.993884829602766862e-02
-2.279279279279279535e+00 5.086510717599573850e-02
-2.273273273273273443e+00 5.180216711489016301e-02
-2.267267267267267350e+00 5.274999501417416969e-02
-2.261261261261261257e+00 5.370855321939545929e-02
-2.255255255255255165e+00 5.467779945872092151e-02
-2.249249249249249516e+00 5.565768678332832370e-02
-2.243243243243242979e+00 5.664816350973729542e-02
-2.237237237237237331e+00 5.764917316415796994e-02
-2.231231231231231238e+00 5.866065442894136811e-02
-2.225225225225225145e+00 5.968254109120737366e-02
-2.219219219219219497e+00 6.071476199373406629e-02
-2.213213213213212960e+00 6.175724098818501095e-02
-2.207207207207207311e+00 6.280989689075350269e-02
-2.201201201201201219e+00 6.387264344030364749e-02
-2.195195195195195126e+00 6.494538925908206750e-02
-2.189189189189189033e+00 6.602803781607970157e-02
-2.183183183183182940e+00 6.712048739311715639e-02
-2.177177177177177292e+00 6.822263105372819436e-02
-2.171171171171171199e+00 6.933435661491534063e-02
-2.165165165165165106e+00 7.045554662184784489e-02
-2.159159159159159014e+00 7.158607832557445372e-02
-2.153153153153152921e+00 7.272582366381859231e-02
-2.147147147147147273e+00 7.387464924492448404e-02
-2.141141141141141180e+00 7.503241633502022445e-02
-2.135135135135135087e+00 7.619898084846092601e-02
-2.129129129129128994e+00 7.737419334161668716e-02
-2.123123123123122902e+00 7.855789901006379750e-02
-2.117117117117117253e+00 7.974993768923940851e-02
-2.111111111111111160e+00 8.095014385861609707e-02
-2.105105105105105068e+00 8.215834664944958454e-02
-2.099099099099098975e+00 8.337436985615377660e-02
-2.093093093093092882e+00 8.459803195135215392e-02
-2.087087087087087234e+00 8.582914610465235128e-02
-2.081081081081081141e+00 8.706752020519101243e-02
-2.075075075075075048e+00 8.831295688798909693e-02
-2.069069069069068956e+00 8.956525356415923067e-02
-2.063063063063062863e+00 9.082420245500154310e-02
-2.057057057057057214e+00 9.208959063002254697e-02
-2.051051051051051122e+00 9.336120004890866020e-02
-2.045045045045045029e+00 9.463880760748194509e-02
-2.039039039039038936e+00 9.592218518766529312e-02
-2.033033033033032844e+00 9.721109971147788575e-02
-2.027027027027027195e+00 9.850531319908109595e-02
-2.021021021021021102e+00 9.980458283089091442e-02
-2.015015015015015010e+00 1.011086610137684888e-01
-2.009009009009008917e+00 1.024172954513000305e-01
-2.003003003003002824e+00 1.037302292181710300e-01
-1.996996996996996954e+00 1.050472008386372363e-01
-1.990990990990991083e+00 1.063679443690924153e-01
-1.984984984984984990e+00 1.076921894847276823e-01
-1.978978978978978898e+00 1.090196615702744842e-01
-1.972972972972973027e+00 1.103500818148202833e-01
-1.966966966966966934e+00 1.116831673106812445e-01
-1.960960960960961064e+00 1.130186311563123325e-01
-1.954954954954954971e+00 1.143561825632338491e-01
-1.948948948948948878e+00 1.156955269669460717e-01
-1.942942942942943008e+00 1.170363661418032247e-01
-1.936936936936936915e+00 1.183783983198126027e-01
-1.930930930930931044e+00 1.197213183133204323e-01
-1.924924924924924952e+00 1.210648176415441424e-01
-1.918918918918918859e+00 1.224085846609043321e-01
-1.912912912912912988e+00 1.237523046991087922e-01
-1.906906906906906896e+00 1.250956601929348877e-01
-1.900900900900900803e+00 1.264383308296530839e-01
-1.894894894894894932e+00 1.277799936920324675e-01
-1.888888888888888840e+00 1.291203234068632189e-01
-1.882882882882882969e+00 1.304589922969274784e-01
-1.876876876876876876e+00 1.317956705363487468e-01
-1.870870870870870784e+00 1.331300263092420610e-01
-1.864864864864864913e+00 1.344617259715877311e-01
-1.858858858858858820e+00 1.357904342162454536e-01
-1.852852852852852950e+00 1.371158142410218717e-01
-1.846846846846846857e+00 1.384375279197029018e-01
-1.840840840840840764e+00 1.397552359759564045e-01
-1.834834834834834894e+00 1.410685981600094951e-01
-1.828828828828828801e+00 1.423772734280003560e-01
-1.822822822822822930e+00 1.436809201238996025e-01
-1.816816816816816837e+00 1.449791961638974280e-01
-1.810810810810810745e+00 1.462717592231434494e-01
-1.804804804804804874e+00 1.475582669247296475e-01
-1.798798798798798781e+00 1.488383770307975251e-01
-1.792792792792792911e+00 1.501117476356530478e-01
-1.786786786786786818e+00 1.513780373607656604e-01
-1.780780780780780725e+00 1.526369055515288675e-01
-1.774774774774774855e+00 1.538880124756535350e-01
-1.768768768768768762e+00 1.551310195230658218e-01
-1.762762762762762669e+00 1.563655894071757924e-01
-1.756756756756756799e+00 1.575913863673842064e-01
-1.750750750750750706e+00 1.588080763726896771e-01
-1.744744744744744835e+00 1.600153273262566178e-01
-1.738738738738738743e+00 1.612128092708048355e-01
-1.732732732732732650e+00 1.624001945946768055e-01
-1.726726726726726779e+00 1.635771582384377143e-01
-1.720720720720720687e+00 1.647433779018635525e-01
-1.714714714714714816e+00 1.658985342511673511e-01
-1.708708708708708723e+00 1.670423111263167615e-01
-1.702702702702702631e+00 1.681743957482899343e-01
-1.696696696696696760e+00 1.692944789261201510e-01
-1.690690690690690667e+00 1.704022552635759691e-01
-1.684684684684684797e+00 1.714974233653224767e-01
-1.678678678678678704e+00 1.725796860424108903e-01
-1.672672672672672611e+00 1.736487505169402035e-01
-1.666666666666666741e+00 1.747043286257370376e-01
-1.660660660660660648e+00 1.757461370228966813e-01
-1.654654654654654777e+00 1.767738973810309144e-01
-1.648648648648648685e+00 1.777873365910654646e-01
-1.642642642642642592e+00 1.787861869604324971e-01
-1.636636636636636721e+00 1.797701864095021806e-01
-1.630630630630630629e+00 1.807390786660988680e-01
-1.624624624624624536e+00 1.816926134579464891e-01
-1.618618618618618665e+00 1.826305467028905005e-01
-1.612612612612612573e+00 1.835526406967432911e-01
-1.606606606606606702e+00 1.844586642985999725e-01
-1.600600600600600609e+00 1.853483931134765339e-01
-1.594594594594594517e+00 1.862216096721175940e-01
-1.588588588588588646e+00 1.870781036078285331e-01
-1.582582582582582553e+00 1.879176718301843463e-01
-1.576576576576576683e+00 1.887401186954701382e-01
-1.570570570570570590e+00 1.895452561737121788e-01
-1.564564564564564497e+00 1.903329040121563287e-01
-1.558558558558558627e+00 1.911028898950573873e-01
-1.552552552552552534e+00 1.918550495996416694e-01
-1.546546546546546663e+00 1.925892271481087770e-01
-1.540540540540540571e+00 1.933052749555426164e-01
-1.534534534534534478e+00 1.940030539736006254e-01
-1.528528528528528607e+00 1.946824338298569212e-01
-1.522522522522522515e+00 1.953432929626762737e-01
-1.516516516516516422e+00 1.959855187514979724e-01
-1.510510510510510551e+00 1.966090076424130140e-01
-1.504504504504504458e+00 1.972136652689219782e-01
-1.498498498498498588e+00 1.977994065677624591e-01
-1.492492492492492495e+00 1.983661558896991084e-01
-1.486486486486486402e+00 1.989138471051747348e-01
-1.480480480480480532e+00 1.994424237047211779e-01
-1.474474474474474439e+00 1.999518388940356717e-01
-1.468468468468468568e+00 2.004420556836308820e-01
-1.462462462462462476e+00 2.009130469729701884e-01
-1.456456456456456383e+00 2.013647956290055829e-01
-1.450450450450450512e+00 2.017972945590374434e-01
-1.444444444444444420e+00 2.022105467778225196e-01
-1.438438438438438549e+00 2.026045654688577169e-01
-1.432432432432432456e+00 2.029793740397739243e-01
-1.426426426426426364e+00 2.033350061717774937e-01
-1.420420420420420493e+00 2.036715058630812758e-01
-1.414414414414414400e+00 2.039889274662732288e-01
-1.408408408408408530e+00 2.042873357195723050e-01
-1.402402402402402437e+00 2.045668057719297050e-01
-1.396396396396396344e+00 2.048274232019345054e-01
-1.390390390390390474e+00 2.050692840304899900e-01
-1.384384384384384381e+00 2.052924947272311007e-01
-1.378378378378378288e+00 2.054971722106572474e-01
-1.372372372372372418e+00 2.056834438419606892e-01
-1.366366366366366325e+00 2.058514474125353044e-01
-1.360360360360360454e+00 2.060013311251540080e-01
-1.354354354354354362e+00 2.061332535688107648e-01
-1.348348348348348269e+00 2.062473836872238953e-01
-1.342342342342342398e+00 2.063439007410068637e-01
-1.336336336336336306e+00 2.064229942635133486e-01
-1.330330330330330435e+00 2.064848640103700561e-01
-1.324324324324324342e+00 2.065297199027172070e-01
-1.318318318318318250e+00 2.065577819641769008e-01
-1.312312312312312379e+00 2.065692802515789461e-01
-1.306306306306306286e+00 2.065644547794754926e-01
-1.300300300300300416e+00 2.065435554384811301e-01
-1.294294294294294323e+00 2.065068419074809203e-01
-1.288288288288288230e+00 2.064545835597511314e-01
-1.282282282282282360e+00 2.063870593630436900e-01
-1.276276276276276267e+00 2.063045577736897229e-01
-1.270270270270270174e+00 2.062073766247801143e-01
-1.264264264264264304e+00 2.060958230084884435e-01
-1.258258258258258211e+00 2.059702131526024993e-01
-1.252252252252252340e+00 2.058308722913371747e-01
-1.246246246246246248e+00 2.056781345305047914e-01
-1.240240240240240155e+00 2.055123427071224584e-01
-1.234234234234234284e+00 2.053338482435408119e-01
-1.228228228228228192e+00 2.051430109961819570e-01
-1.222222222222222321e+00 2.049401990989776212e-01
-1.216216216216216228e+00 2.047257888016034977e-01
-1.210210210210210136e+00 2.045001643026080895e-01
-1.204204204204204265e+00 2.042637175775378067e-01
-1.198198198198198172e+00 2.040168482021644802e-01
-1.192192192192192302e+00 2.037599631709242631e-01
-1.186186186186186209e+00 2.034934767106783837e-01
-1.180180180180180116e+00 2.032178100899126039e-01
-1.174174174174174246e+00 2.029333914234916214e-01
-1.168168168168168153e+00 2.026406554730895426e-01
-1.162162162162162282e+00 2.023400434434201589e-01
-1.156156156156156189e+00 2.020320027743919278e-01
-1.150150150150150097e+00 2.017169869293165552e-01
-1.144144144144144226e+00 2.013954551793017134e-01
-1.138138138138138133e+00 2.010678723839603443e-01
-1.132132132132132041e+00 2.007347087685713849e-01
-1.126126126126126170e+00 2.003964396978291096e-01
-1.120120120120120077e+00 2.000535454463190921e-01
-1.114114114114114207e+00 1.997065109658616722e-01
-1.108108108108108114e+00 1.993558256498637327e-01
-1.102102102102102021e+00 1.990019830948236701e-01
-1.096096096096096151e+00 1.986454808591322785e-01
-1.090090090090090058e+00 1.982868202193166229e-01
-1.084084084084084187e+00 1.979265059238735081e-01
-1.078078078078078095e+00 1.975650459448398122e-01
-1.072072072072072002e+00 1.972029512272485130e-01
-1.066066066066066131e+00 1.968407354366198680e-01
-1.060060060060060039e+00 1.964789147046371032e-01
-1.054054054054054168e+00 1.961180073731570439e-01
-1.048048048048048075e+00 1.957585337367069855e-01
-1.042042042042041983e+00 1.954010157836164607e-01
-1.036036036036036112e+00 1.950459769359375595e-01
-1.030030030030030019e+00 1.946939417883016554e-01
-1.024024024024024149e+00 1.943454358458658882e-01
-1.018018018018018056e+00 1.940009852614973940e-01
-1.012012012012011963e+00 1.936611165723467198e-01
-1.006006006006006093e+00 1.933263564359594122e-01
-1.000000000000000000e+00 1.929972313660742178e-01
-9.939939939939939073e-01 1.926742674682568324e-01
-9.879879879879878146e-01 1.923579901755158028e-01
-9.819819819819821660e-01 1.920489239840472429e-01
-9.759759759759760733e-01 1.917475921892538016e-01
-9.699699699699699806e-01 1.914545166221822137e-01
-9.639639639639638879e-01 1.911702173865220677e-01
-9.579579579579577953e-01 1.908952125963078728e-01
-9.519519519519521467e-01 1.906300181144651162e-01
-9.459459459459460540e-01 1.903751472923382870e-01
-9.399399399399399613e-01 1.901311107103392239e-01
-9.339339339339338686e-01 1.898984159198510990e-01
-9.279279279279277759e-01 1.896775671865214008e-01
-9.219219219219221273e-01 1.894690652350773941e-01
-9.159159159159160346e-01 1.892734069957932863e-01
-9.099099099099099419e-01 1.890910853527386914e-01
-9.039039039039038492e-01 1.889225888939330411e-01
-8.978978978978977565e-01 1.887684016635328144e-01
-8.918918918918921079e-01 1.886290029161716286e-01
-8.858858858858860152e-01 1.885048668735745392e-01
-8.798798798798799226e-01 1.883964624835647028e-01
-8.738738738738738299e-01 1.883042531815768972e-01
-8.678678678678677372e-01 1.882286966547928042e-01
-8.618618618618620886e-01 1.881702446090076086e-01
-8.558558558558559959e-01 1.881293425383376849e-01
-8.498498498498499032e-01 1.881064294978753437e-01
-8.438438438438438105e-01 1.881019378793941099e-01
-8.378378378378377178e-01 1.881162931902055080e-01
-8.318318318318320692e-01 1.881499138352680511e-01
-8.258258258258259765e-01 1.882032109026418598e-01
-8.198198198198198838e-01 1.882765879523848052e-01
-8.138138138138137911e-01 1.883704408089808824e-01
-8.078078078078076985e-01 1.884851573573885497e-01
-8.018018018018016058e-01 1.886211173427961296e-01
-7.957957957957959572e-01 1.887786921741665125e-01
-7.897897897897898645e-01 1.889582447316535130e-01
-7.837837837837837718e-01 1.891601291779660410e-01
-7.777777777777776791e-01 1.893846907737571361e-01
-7.717717717717715864e-01 1.896322656971105025e-01
-7.657657657657659378e-01 1.899031808671942378e-01
-7.597597597597598451e-01 1.901977537721502576e-01
-7.537537537537537524e-01 1.905162923012839737e-01
-7.477477477477476597e-01 1.908590945816168727e-01
-7.417417417417415670e-01 1.912264488188622491e-01
-7.357357357357359184e-01 1.916186331428813561e-01
-7.297297297297298257e-01 1.920359154576743999e-01
-7.237237237237237331e-01 1.924785532959590872e-01
-7.177177177177176404e-01 1.929467936783869630e-01
-7.117117117117115477e-01 1.934408729774441948e-01
-7.057057057057058991e-01 1.939610167860811307e-01
-6.996996996996998064e-01 1.945074397911153163e-01
-6.936936936936937137e-01 1.950803456514451639e-01
-6.876876876876876210e-01 1.956799268811140191e-01
-6.816816816816815283e-01 1.963063647372587650e-01
-6.756756756756758797e-01 1.969598291129761591e-01
-6.696696696696697870e-01 1.976404784351384336e-01
-6.636636636636636943e-01 1.983484595671843043e-01
-6.576576576576576016e-01 1.990839077169141991e-01
-6.516516516516515090e-01 1.998469463493116327e-01
-6.456456456456458604e-01 2.006376871044134036e-01
-6.396396396396397677e-01 2.014562297202479313e-01
-6.336336336336336750e-01 2.023026619608592758e-01
-6.276276276276275823e-01 2.031770595494318821e-01
-6.216216216216214896e-01 2.040794861065299282e-01
-6.156156156156158410e-01 2.050099930934625170e-01
-6.096096096096097483e-01 2.059686197607837888e-01
-6.036036036036036556e-01 2.069553931019351700e-01
-5.975975975975975629e-01 2.079703278120358656e-01
-5.915915915915914702e-01 2.090134262518251462e-01
-5.855855855855858216e-01 2.100846784167574866e-01
-5.795795795795797289e-01 2.111840619112511641e-01
-5.735735735735736363e-01 2.123115419280879324e-01
-5.675675675675675436e-01 2.134670712329614917e-01
-5.615615615615614509e-01 2.146505901541669592e-01
-5.555555555555553582e-01 2.158620265774273128e-01
-5.495495495495497096e-01 2.171012959458454850e-01
-5.435435435435436169e-01 2.183683012649739741e-01
-5.375375375375375242e-01 2.196629331129876794e-01
-5.315315315315314315e-01 2.209850696559494954e-01
-5.255255255255253388e-01 2.223345766681503743e-01
-5.195195195195196902e-01 2.237113075575097310e-01
-5.135135135135135975e-01 2.251151033960176739e-01
-5.075075075075075048e-01 2.265457929551971117e-01
-5.015015015015014122e-01 2.280031927465686059e-01
-4.954954954954953195e-01 2.294871070670926883e-01
-4.894894894894896709e-01 2.309973280495663528e-01
-4.834834834834835782e-01 2.325336357179496050e-01
-4.774774774774774855e-01 2.340957980475929512e-01
-4.714714714714713928e-01 2.356835710303407938e-01
-4.654654654654653001e-01 2.372966987444787845e-01
-4.594594594594596515e-01 2.389349134294964649e-01
-4.534534534534535588e-01 2.405979355656313878e-01
-4.474474474474474661e-01 2.422854739581624395e-01
-4.414414414414413734e-01 2.439972258264177518e-01
-4.354354354354352807e-01 2.457328768974606781e-01
-4.294294294294296321e-01 2.474921015044171391e-01
-4.234234234234235394e-01 2.492745626894061206e-01
-4.174174174174174468e-01 2.510799123110318831e-01
-4.114114114114113541e-01 2.529077911563997194e-01
-4.054054054054052614e-01 2.547578290576107407e-01
-3.993993993993996128e-01 2.566296450126930861e-01
-3.933933933933935201e-01 2.585228473109252301e-01
-3.873873873873874274e-01 2.604370336625041471e-01
-3.813813813813813347e-01 2.623717913325124274e-01
-3.753753753753752420e-01 2.643266972791361580e-01
-3.693693693693695934e-01 2.663013182960818903e-01
-3.633633633633635007e-01 2.682952111591448974e-01
-3.573573573573574080e-01 2.703079227768728776e-01
-3.513513513513513153e-01 2.723389903452758110e-01
-3.453453453453452227e-01 2.743879415065239580e-01
-3.393393393393395741e-01 2.764542945115803230e-01
-3.333333333333334814e-01 2.785375583867100158e-01
-3.273273273273273887e-01 2.806372331038067269e-01
-3.213213213213212960e-01 2.827528097544794727e-01
-3.153153153153152033e-01 2.848837707278372156e-01
-3.093093093093095547e-01 2.870295898919081878e-01
-3.033033033033034620e-01 2.891897327786342453e-01
-2.972972972972973693e-01 2.913636567723703608e-01
-2.912912912912912766e-01 2.935508113018295839e-01
-2.852852852852851839e-01 2.957506380354009146e-01
-2.792792792792790912e-01 2.979625710797753624e-01
-2.732732732732734426e-01 3.001860371818083073e-01
-2.672672672672673500e-01 3.024204559335497144e-01
-2.612612612612612573e-01 3.046652399803664313e-01
-2.552552552552551646e-01 3.069197952320867895e-01
-2.492492492492490719e-01 3.091835210770909059e-01
-2.432432432432434233e-01 3.114558105992704107e-01
-2.372372372372373306e-01 3.137360507977819402e-01
-2.312312312312312379e-01 3.160236228095131272e-01
-2.252252252252251452e-01 3.183179021341842607e-01
-2.192192192192190525e-01 3.206182588620030138e-01
-2.132132132132134039e-01 3.229240579037884196e-01
-2.072072072072073112e-01 3.252346592234846567e-01
-2.012012012012012185e-01 3.275494180729741633e-01
-1.951951951951951258e-01 3.298676852291086981e-01
-1.891891891891890332e-01 3.321888072328682551e-01
-1.831831831831833846e-01 3.345121266305602914e-01
-1.771771771771772919e-01 3.368369822169692829e-01
-1.711711711711711992e-01 3.391627092803637944e-01
-1.651651651651651065e-01 3.414886398492726904e-01
-1.591591591591590138e-01 3.438141029409323979e-01
-1.531531531531533652e-01 3.461384248113140716e-01
-1.471471471471472725e-01 3.484609292066339625e-01
-1.411411411411411798e-01 3.507809376162471793e-01
-1.351351351351350871e-01 3.530977695268323058e-01
-1.291291291291289944e-01 3.554107426777627365e-01
-1.231231231231233458e-01 3.577191733175675292e-01
-1.171171171171172531e-01 3.600223764613785793e-01
-1.111111111111111605e-01 3.623196661492630311e-01
-1.051051051051050678e-01 3.646103557053373412e-01
-9.909909909909897507e-02 3.668937579975588004e-01
-9.309309309309332647e-02 3.691691856980888753e-01
-8.708708708708723378e-02 3.714359515441238990e-01
-8.108108108108114109e-02 3.736933685990828646e-01
-7.507507507507504840e-02 3.759407505140483496e-01
-6.906906906906895571e-02 3.781774117893504372e-01
-6.306306306306330711e-02 3.804026680361830559e-01
-5.705705705705721442e-02 3.826158362381456568e-01
-5.105105105105112173e-02 3.848162350125963194e-01
-4.504504504504502904e-02 3.870031848717079281e-01
-3.903903903903893635e-02 3.891760084831133448e-01
-3.303303303303284366e-02 3.913340309300292752e-01
-2.702702702702719506e-02 3.934765799707444223e-01
-2.102102102102110237e-02 3.956029862973590161e-01
-1.501501501501500968e-02 3.977125837936625885e-01
-9.009009009008916991e-03 3.998047097920362503e-01
-3.003003003002824300e-03 4.018787053292646183e-01
3.003003003002824300e-03 4.039339154011433175e-01
9.009009009008916991e-03 4.059696892157683146e-01
1.501501501501500968e-02 4.079853804453910660e-01
2.102102102102110237e-02 4.099803474767260703e-01
2.702702702702719506e-02 4.119539536595964169e-01
3.303303303303284366e-02 4.139055675538024226e-01
3.903903903903893635e-02 4.158345631740989479e-01
4.504504504504502904e-02 4.177403202331677057e-01
5.105105105105112173e-02 4.196222243824717646e-01
5.705705705705721442e-02 4.214796674508778374e-01
6.306306306306286302e-02 4.233120476809335564e-01
6.906906906906895571e-02 4.251187699626888250e-01
7.507507507507504840e-02 4.268992460649474463e-01
8.108108108108114109e-02 4.286528948638410608e-01
8.708708708708723378e-02 4.303791425686114280e-01
9.309309309309288238e-02 4.320774229444945824e-01
9.909909909909897507e-02 4.337471775325977275e-01
1.051051051051050678e-01 4.353878558666599008e-01
1.111111111111111605e-01 4.369989156865912716e-01
1.171171171171172531e-01 4.385798231486857657e-01
1.231231231231229017e-01 4.401300530324018245e-01
1.291291291291289944e-01 4.416490889436087697e-01
1.351351351351350871e-01 4.431364235141980745e-01
1.411411411411411798e-01 4.445915585979570150e-01
1.471471471471472725e-01 4.460140054626096084e-01
1.531531531531529211e-01 4.474032849779240317e-01
1.591591591591590138e-01 4.487589277997935389e-01
1.651651651651651065e-01 4.500804745501957305e-01
1.711711711711711992e-01 4.513674759929392488e-01
1.771771771771772919e-01 4.526194932051072484e-01
1.831831831831829405e-01 4.538360977441091570e-01
1.891891891891890332e-01 4.550168718102556853e-01
1.951951951951951258e-01 4.561614084047709849e-01
2.012012012012012185e-01 4.572693114831629657e-01
2.072072072072073112e-01 4.583401961038690020e-01
2.132132132132134039e-01 4.593736885721021457e-01
2.192192192192190525e-01 4.603694265788203510e-01
2.252252252252251452e-01 4.613270593347489346e-01
2.312312312312312379e-01 4.622462476993827174e-01
2.372372372372373306e-01 4.631266643049035681e-01
2.432432432432434233e-01 4.639679936749454559e-01
2.492492492492490719e-01 4.647699323381469516e-01
2.552552552552551646e-01 4.655321889364297250e-01
2.612612612612612573e-01 4.662544843279465279e-01
2.672672672672673500e-01 4.669365516846467612e-01
2.732732732732734426e-01 4.675781365844044468e-01
2.792792792792790912e-01 4.681789970976637516e-01
2.852852852852851839e-01 4.687389038685554898e-01
2.912912912912912766e-01 4.692576401904427486e-01
2.972972972972973693e-01 4.697350020758548350e-01
3.033033033033034620e-01 4.701707983207765729e-01
3.093093093093091106e-01 4.705648505632571421e-01
3.153153153153152033e-01 4.709169933363098748e-01
3.213213213213212960e-01 4.712270741150771936e-01
3.273273273273273887e-01 4.714949533582353247e-01
3.333333333333334814e-01 4.717205045436214106e-01
3.393393393393391300e-01 4.719036141980645360e-01
3.453453453453452227e-01 4.720441819214070689e-01
3.513513513513513153e-01 4.721421204047079878e-01
3.573573573573574080e-01 4.721973554426203146e-01
3.633633633633635007e-01 4.722098259399387654e-01
3.693693693693691493e-01 4.721794839123198972e-01
3.753753753753752420e-01 4.721062944811759698e-01
3.813813813813813347e-01 4.719902358627508510e-01
3.873873873873874274e-01 4.718312993513876785e-01
3.933933933933935201e-01 4.716294892970027686e-01
3.993993993993991687e-01 4.713848230767822001e-01
4.054054054054052614e-01 4.710973310611219489e-01
4.114114114114113541e-01 4.707670565738361068e-01
4.174174174174174468e-01 4.703940558466599975e-01
4.234234234234235394e-01 4.699783979680789425e-01
4.294294294294291880e-01 4.695201648265170946e-01
4.354354354354352807e-01 4.690194510479251955e-01
4.414414414414413734e-01 4.684763639278050062e-01
4.474474474474474661e-01 4.678910233577175948e-01
4.534534534534535588e-01 4.672635617463225532e-01
4.594594594594596515e-01 4.665941239349957748e-01
4.654654654654653001e-01 4.658828671080850192e-01
4.714714714714713928e-01 4.651299606978553935e-01
4.774774774774774855e-01 4.643355862841889170e-01
4.834834834834835782e-01 4.634999374890976798e-01
4.894894894894896709e-01 4.626232198661217598e-01
4.954954954954953195e-01 4.617056507846768465e-01
5.015015015015014122e-01 4.607474593094271209e-01
5.075075075075075048e-01 4.597488860747572237e-01
5.135135135135135975e-01 4.587101831544221908e-01
5.195195195195196902e-01 4.576316139264564598e-01
5.255255255255253388e-01 4.565134529334256563e-01
5.315315315315314315e-01 4.553559857381062614e-01
5.375375375375375242e-01 4.541595087746861381e-01
5.435435435435436169e-01 4.529243291955727946e-01
5.495495495495497096e-01 4.516507647139073045e-01
5.555555555555553582e-01 4.503391434418783645e-01
5.615615615615614509e-01 4.489898037249368534e-01
5.675675675675675436e-01 4.476030939720115898e-01
5.735735735735736363e-01 4.461793724818290952e-01
5.795795795795797289e-01 4.447190072654451098e-01
5.855855855855853775e-01 4.432223758650924994e-01
5.915915915915914702e-01 4.416898651694580735e-01
5.975975975975975629e-01 4.401218712254985066e-01
6.036036036036036556e-01 4.385187990469084363e-01
6.096096096096097483e-01 4.368810624193570358e-01
6.156156156156153969e-01 4.352090837026084680e-01
6.216216216216214896e-01 4.335032936296455142e-01
6.276276276276275823e-01 4.317641311029155604e-01
6.336336336336336750e-01 4.299920429878210659e-01
6.396396396396397677e-01 4.281874839035746949e-01
6.456456456456454163e-01 4.263509160115459551e-01
6.516516516516515090e-01 4.244828088012205236e-01
6.576576576576576016e-01 4.225836388739016569e-01
6.636636636636636943e-01 4.206538897242773078e-01
6.696696696696697870e-01 4.186940515199813473e-01
6.756756756756754356e-01 4.167046208792788975e-01
6.816816816816815283e-01 4.146861006470003996e-01
6.876876876876876210e-01 4.126389996688597517e-01
6.936936936936937137e-01 4.105638325642804731e-01
6.996996996996998064e-01 4.084611194978631787e-01
7.057057057057054550e-01 4.063313859496249236e-01
7.117117117117115477e-01 4.041751624841395385e-01
7.177177177177176404e-01 4.019929845187109052e-01
7.237237237237237331e-01 3.997853920907082914e-01
7.297297297297298257e-01 3.975529296241965826e-01
7.357357357357359184e-01 3.952961456959882547e-01
7.417417417417415670e-01 3.930155928012512012e-01
7.477477477477476597e-01 3.907118271187976499e-01
7.537537537537537524e-01 3.883854082761872273e-01
7.597597597597598451e-01 3.860368991147687945e-01
7.657657657657659378e-01 3.836668654547930046e-01
7.717717717717715864e-01 3.812758758607178167e-01
7.777777777777776791e-01 3.788645014068373063e-01
7.837837837837837718e-01 3.764333154433576190e-01
7.897897897897898645e-01 3.739828933630423013e-01
7.957957957957959572e-01 3.715138123685531313e-01
8.018018018018016058e-01 3.690266512406066290e-01
8.078078078078076985e-01 3.665219901070660979e-01
8.138138138138137911e-01 3.640004102130917074e-01
8.198198198198198838e-01 3.614624936924612508e-01
8.258258258258259765e-01 3.589088233401836470e-01
8.318318318318316251e-01 3.563399823865153748e-01
8.378378378378377178e-01 3.537565542724937506e-01
8.438438438438438105e-01 3.511591224271023437e-01
8.498498498498499032e-01 3.485482700461708383e-01
8.558558558558559959e-01 3.459245798731241939e-01
8.618618618618616445e-01 3.432886339816815235e-01
8.678678678678677372e-01 3.406410135606106615e-01
8.738738738738738299e-01 3.379822987006416146e-01
8.798798798798799226e-01 3.353130681836338223e-01
8.858858858858860152e-01 3.326338992740993095e-01
8.918918918918916638e-01 3.299453675131739927e-01
8.978978978978977565e-01 3.272480465151302864e-01
9.039039039039038492e-01 3.245425077665232694e-01
9.099099099099099419e-01 3.218293204280559539e-01
9.159159159159160346e-01 3.191090511392509210e-01
9.219219219219216832e-01 3.163822638260107567e-01
9.279279279279277759e-01 3.136495195111475009e-01
9.339339339339338686e-01 3.109113761279624355e-01
9.399399399399399613e-01 3.081683883369456534e-01
9.459459459459460540e-01 3.054211073456739589e-01
9.519519519519517026e-01 3.026700807319742115e-01
9.579579579579577953e-01 2.999158522704203911e-01
9.639639639639638879e-01 2.971589617622296675e-01
9.699699699699699806e-01 2.943999448686184239e-01
9.759759759759760733e-01 2.916393329476786866e-01
9.819819819819821660e-01 2.888776528948296951e-01
9.879879879879878146e-01 2.861154269869014555e-01
9.939939939939939073e-01 2.833531727298963521e-01
1.000000000000000000e+00 2.805914027104829955e-01
1.006006006006005649e+00 2.778306244512613876e-01
1.012012012012012185e+00 2.750713402698451437e-01
1.018018018018017834e+00 2.723140471418022401e-01
1.024024024024024371e+00 2.695592365674830404e-01
1.030030030030030019e+00 2.668073944427819533e-01
1.036036036036035668e+00 2.640590009338488198e-01
1.042042042042042205e+00 2.613145303557922183e-01
1.048048048048047853e+00 2.585744510553910080e-01
1.054054054054054390e+00 2.558392252978375914e-01
1.060060060060060039e+00 2.531093091575383758e-01
1.066066066066065687e+00 2.503851524129792061e-01
1.072072072072072224e+00 2.476671984456781939e-01
1.078078078078077873e+00 2.449558841432337708e-01
1.084084084084084409e+00 2.422516398064729626e-01
1.090090090090090058e+00 2.395548890607146209e-01
1.096096096096095707e+00 2.368660487711400642e-01
1.102102102102102243e+00 2.341855289622805647e-01
1.108108108108107892e+00 2.315137327416159074e-01
1.114114114114114429e+00 2.288510562272754179e-01
1.120120120120120077e+00 2.261978884798439005e-01
1.126126126126125726e+00 2.235546114382505056e-01
1.132132132132132263e+00 2.209215998597381103e-01
1.138138138138137911e+00 2.182992212638943108e-01
1.144144144144144448e+00 2.156878358807233220e-01
1.150150150150150097e+00 2.130877966027476533e-01
1.156156156156155745e+00 2.104994489411072534e-01
1.162162162162162282e+00 2.079231309856399701e-01
1.168168168168167931e+00 2.053591733689144050e-01
1.174174174174174468e+00 2.028078992341805220e-01
1.180180180180180116e+00 2.002696242072188049e-01
1.186186186186185765e+00 1.977446563720414718e-01
1.192192192192192302e+00 1.952332962504205183e-01
1.198198198198197950e+00 1.927358367852026744e-01
1.204204204204204487e+00 1.902525633273668970e-01
1.210210210210210136e+00 1.877837536267931151e-01
1.216216216216215784e+00 1.853296778266882994e-01
1.222222222222222321e+00 1.828905984616343849e-01
1.228228228228227970e+00 1.804667704592070876e-01
1.234234234234234506e+00 1.780584411451149318e-01
1.240240240240240155e+00 1.756658502518165799e-01
1.246246246246245803e+00 1.732892299305550943e-01
1.252252252252252340e+00 1.709288047667645305e-01
1.258258258258257989e+00 1.685847917987911004e-01
1.264264264264264526e+00 1.662574005398698151e-01
1.270270270270270174e+00 1.639468330033077570e-01
1.276276276276275823e+00 1.616532837308055914e-01
1.282282282282282360e+00 1.593769398238660817e-01
1.288288288288288008e+00 1.571179809782254355e-01
1.294294294294294545e+00 1.548765795212418139e-01
1.300300300300300194e+00 1.526529004521872401e-01
1.306306306306305842e+00 1.504471014853687727e-01
1.312312312312312379e+00 1.482593330960211842e-01
1.318318318318318028e+00 1.460897385689044481e-01
1.324324324324324564e+00 1.439384540495346199e-01
1.330330330330330213e+00 1.418056085979888248e-01
1.336336336336335862e+00 1.396913242452083315e-01
1.342342342342342398e+00 1.375957160517378153e-01
1.348348348348348047e+00 1.355188921688292025e-01
1.354354354354354584e+00 1.334609539018373481e-01
1.360360360360360232e+00 1.314219957758453183e-01
1.366366366366366769e+00 1.294021056034391770e-01
1.372372372372372418e+00 1.274013645545716833e-01
1.378378378378378066e+00 1.254198472284344390e-01
1.384384384384384603e+00 1.234576217272749799e-01
1.390390390390390252e+00 1.215147497320838293e-01
1.396396396396396788e+00 1.195912865800782265e-01
1.402402402402402437e+00 1.176872813439179821e-01
1.408408408408408086e+00 1.158027769125726247e-01
1.414414414414414622e+00 1.139378100737767907e-01
1.420420420420420271e+00 1.120924115979990282e-01
1.426426426426426808e+00 1.102666063238502692e-01
1.432432432432432456e+00 1.084604132448680480e-01
1.438438438438438105e+00 1.066738455975975997e-01
1.444444444444444642e+00 1.049069109509066927e-01
1.450450450450450290e+00 1.031596112964605488e-01
1.456456456456456827e+00 1.014319431402859462e-01
1.462462462462462476e+00 9.972389759536096077e-02
1.468468468468468124e+00 9.803546047515457329e-02
1.474474474474474661e+00 9.636661238805380170e-02
1.480480480480480310e+00 9.471732883260952640e-02
1.486486486486486847e+00 9.308758029353014773e-02
1.492492492492492495e+00 9.147733233836392863e-02
1.498498498498498144e+00 8.988654571479740008e-02
1.504504504504504681e+00 8.831517644850989113e-02
1.510510510510510329e+00 8.676317594151930490e-02
1.516516516516516866e+00 8.523049107095201360e-02
1.522522522522522515e+00 8.371706428818141699e-02
1.528528528528528163e+00 8.222283371826623333e-02
1.534534534534534700e+00 8.074773325963344184e-02
1.540540540540540349e+00 7.929169268394430092e-02
1.546546546546546885e+00 7.785463773608174154e-02
1.552552552552552534e+00 7.643649023420789890e-02
1.558558558558558182e+00 7.503716816982700100e-02
1.564564564564564719e+00 7.365658580780480580e-02
1.570570570570570368e+00 7.229465378628630035e-02
1.576576576576576905e+00 7.095127921645660862e-02
1.582582582582582553e+00 6.962636578209789595e-02
1.588588588588588202e+00 6.831981383888398318e-02
1.594594594594594739e+00 6.703152051336783157e-02
1.600600600600600387e+00 6.576137980161064767e-02
1.606606606606606924e+00 6.450928266740252326e-02
1.612612612612612573e+00 6.327511714003235255e-02
1.618618618618618221e+00 6.205876841155610890e-02
1.624624624624624758e+00 6.086011893352300667e-02
1.630630630630630407e+00 5.967904851311517378e-02
1.636636636636636943e+00 5.851543440865600298e-02
1.642642642642642592e+00 5.736915142445160598e-02
1.648648648648648241e+00 5.624007200491994846e-02
1.654654654654654777e+00 5.512806632797365852e-02
1.660660660660660426e+00 5.403300239761796991e-02
1.666666666666666963e+00 5.295474613572539319e-02
1.672672672672672611e+00 5.189316147295771481e-02
1.678678678678678260e+00 5.084811043879557124e-02
1.684684684684684797e+00 4.981945325064870284e-02
1.690690690690690445e+00 4.880704840201362943e-02
1.696696696696696982e+00 4.781075274964736999e-02
1.702702702702702631e+00 4.683042159973315605e-02
1.708708708708708279e+00 4.586590879300551232e-02
1.714714714714714816e+00 4.491706678881342285e-02
1.720720720720720465e+00 4.398374674809397283e-02
1.726726726726727001e+00 4.306579861523290170e-02
1.732732732732732650e+00 4.216307119879207643e-02
1.738738738738738299e+00 4.127541225107894673e-02
1.744744744744744835e+00 4.040266854654166184e-02
1.750750750750750484e+00 3.954468595896899752e-02
1.756756756756757021e+00 3.870130953747694114e-02
1.762762762762762669e+00 3.787238358126791132e-02
1.768768768768768318e+00 3.705775171314409228e-02
1.774774774774774855e+00 3.625725695176341967e-02
1.780780780780780503e+00 3.547074178262368122e-02
1.786786786786787040e+00 3.469804822776242914e-02
1.792792792792792689e+00 3.393901791416335800e-02
1.798798798798798337e+00 3.319349214085740019e-02
1.804804804804804874e+00 3.246131194471121167e-02
1.810810810810810523e+00 3.174231816489510999e-02
1.816816816816817060e+00 3.103635150602241863e-02
1.822822822822822708e+00 3.034325259995678328e-02
1.828828828828828357e+00 2.966286206628040295e-02
1.834834834834834894e+00 2.899502057142108388e-02
1.840840840840840542e+00 2.833956888643516733e-02
1.846846846846847079e+00 2.769634794344272635e-02
1.852852852852852727e+00 2.706519889071709595e-02
1.858858858858858376e+00 2.644596314642553431e-02
1.864864864864864913e+00 2.583848245102399188e-02
1.870870870870870561e+00 2.524259891830738997e-02
1.876876876876877098e+00 2.465815508511599863e-02
1.882882882882882747e+00 2.408499395970454746e-02
1.888888888888889284e+00 2.352295906877446136e-02
1.894894894894894932e+00 2.297189450317766238e-02
1.900900900900900581e+00 2.243164496229418242e-02
1.906906906906907118e+00 2.190205579709266978e-02
1.912912912912912766e+00 2.138297305187958353e-02
1.918918918918919303e+00 2.087424350474404583e-02
1.924924924924924952e+00 2.037571470670892018e-02
1.930930930930930600e+00 1.988723501959451315e-02
1.936936936936937137e+00 1.940865365260669578e-02
1.942942942942942786e+00 1.893982069765884693e-02
1.948948948948949322e+00 1.848058716343746813e-02
1.954954954954954971e+00 1.803080500822507731e-02
1.960960960960960620e+00 1.759032717148964475e-02
1.966966966966967156e+00 1.715900760425511512e-02
1.972972972972972805e+00 1.673670129826495753e-02
1.978978978978979342e+00 1.632326431395142788e-02
1.984984984984984990e+00 1.591855380722621838e-02
1.990990990990990639e+00 1.552242805510438417e-02
1.996996996996997176e+00 1.513474648017816213e-02
2.003003003003002824e+00 1.475536967395457005e-02
2.009009009009009361e+00 1.438415941907210914e-02
2.015015015015015010e+00 1.402097871041326112e-02
2.021021021021020658e+00 1.366569177512720785e-02
2.027027027027027195e+00 1.331816409158074511e-02
2.033033033033032844e+00 1.297826240725295094e-02
2.039039039039039380e+00 1.264585475559048058e-02
2.045045045045045029e+00 1.232081047184136607e-02
2.051051051051050678e+00 1.200300020788356778e-02
2.057057057057057214e+00 1.169229594606684998e-02
2.063063063063062863e+00 1.138857101208500672e-02
2.069069069069069400e+00 1.109170008689639234e-02
2.075075075075075048e+00 1.080155921771128527e-02
2.081081081081080697e+00 1.051802582806355031e-02
2.087087087087087234e+00 1.024097872698544881e-02
2.093093093093092882e+00 9.970298117303899935e-03
2.099099099099099419e+00 9.705865603076185497e-03
2.105105105105105068e+00 9.447564196184459612e-03
2.111111111111110716e+00 9.195278322106849311e-03
2.117117117117117253e+00 8.948893824884316534e-03
2.123123123123122902e+00 8.708297971301981813e-03
2.129129129129129439e+00 8.473379454302834568e-03
2.135135135135135087e+00 8.244028395653689098e-03
2.141141141141140736e+00 8.020136347880832406e-03
2.147147147147147273e+00 7.801596295494837852e-03
2.153153153153152921e+00 7.588302655522845969e-03
2.159159159159159458e+00 7.380151277366411681e-03
2.165165165165165106e+00 7.177039442004292183e-03
2.171171171171170755e+00 6.978865860557403877e-03
2.177177177177177292e+00 6.785530672235204688e-03
2.183183183183182940e+00 6.596935441681264431e-03
2.189189189189189477e+00 6.412983155735671459e-03
2.195195195195195126e+00 6.233578219633188408e-03
2.201201201201200774e+00 6.058626452653860690e-03
2.207207207207207311e+00 5.888035083244578562e-03
2.213213213213212960e+00 5.721712743628752651e-03
2.219219219219219497e+00 5.559569463921187372e-03
2.225225225225225145e+00 5.401516665766026813e-03
2.231231231231230794e+00 5.247467155513895615e-03
2.237237237237237331e+00 5.097335116955823212e-03
2.243243243243242979e+00 4.951036103630184967e-03
2.249249249249249516e+00 4.808487030718933651e-03
2.255255255255255165e+00 4.669606166549882149e-03
2.261261261261260813e+00 4.534313123720372374e-03
2.267267267267267350e+00 4.402528849858715690e-03
2.273273273273272999e+00 4.274175618038620998e-03
2.279279279279279535e+00 4.149177016861986186e-03
2.285285285285285184e+00 4.027457940225376634e-03
2.291291291291290833e+00 3.908944576784726885e-03
2.297297297297297369e+00 3.793564399133275179e-03
2.303303303303303018e+00 3.681246152706822445e-03
2.309309309309309555e+00 3.571919844430556951e-03
2.315315315315315203e+00 3.465516731121462066e-03
2.321321321321320852e+00 3.361969307659692669e-03
2.327327327327327389e+00 3.261211294942536511e-03
2.333333333333333037e+00 3.163177627634026871e-03
2.339339339339339574e+00 3.067804441722913385e-03
2.345345345345345223e+00 2.975029061901872211e-03
2.351351351351350871e+00 2.884789988780034863e-03
2.357357357357357408e+00 2.797026885941053791e-03
2.363363363363363057e+00 2.711680566858586279e-03
2.369369369369369593e+00 2.628692981680448050e-03
2.375375375375375242e+00 2.548007203893115202e-03
2.381381381381380891e+00 2.469567416877230422e-03
2.387387387387387427e+00 2.393318900365079549e-03
2.393393393393393076e+00 2.319208016810507533e-03
2.399399399399399613e+00 2.247182197681261463e-03
2.405405405405405261e+00 2.177189929684101351e-03
2.411411411411411798e+00 2.109180740931913042e-03
2.417417417417417447e+00 2.043105187062704223e-03
2.423423423423423095e+00 1.978914837319205311e-03
2.429429429429429632e+00 1.916562260598314756e-03
2.435435435435435281e+00 1.856001011478892191e-03
2.441441441441441818e+00 1.797185616236180112e-03
2.447447447447447466e+00 1.740071558851248416e-03
2.453453453453453115e+00 1.684615267023023034e-03
2.459459459459459651e+00 1.630774098190783394e-03
2.465465465465465300e+00 1.578506325574393753e-03
2.471471471471471837e+00 1.527771124239304425e-03
2.477477477477477485e+00 1.478528557193459127e-03
2.483483483483483134e+00 1.430739561522447129e-03
2.489489489489489671e+00 1.384365934569580393e-03
2.495495495495495319e+00 1.339370320166898953e-03
2.501501501501501856e+00 1.295716194923068713e-03
2.507507507507507505e+00 1.253367854573987986e-03
2.513513513513513153e+00 1.212290400401409493e-03
2.519519519519519690e+00 1.172449725725021631e-03
2.525525525525525339e+00 1.133812502472924481e-03
2.531531531531531876e+00 1.096346167835334168e-03
2.537537537537537524e+00 1.060018911006203445e-03
2.543543543543543173e+00 1.024799660017064072e-03
2.549549549549549710e+00 9.906580686673968020e-04
2.555555555555555358e+00 9.575645035554741693e-04
2.561561561561561895e+00 9.254900312134571160e-04
2.567567567567567544e+00 8.944064053504457426e-04
2.573573573573573192e+00 8.642860542068073627e-04
2.579579579579579729e+00 8.351020680230788161e-04
2.585585585585585378e+00 8.068281866265010309e-04
2.591591591591591914e+00 7.794387871379914248e-04
2.597597597597597563e+00 7.529088718023603868e-04
2.603603603603603212e+00 7.272140559441998007e-04
2.609609609609609748e+00 7.023305560518735245e-04
2.615615615615615397e+00 6.782351779918134680e-04
2.621621621621621934e+00 6.549053053550889843e-04
2.627627627627627582e+00 6.323188879382491724e-04
2.633633633633633231e+00 6.104544303600730653e-04
2.639639639639639768e+00 5.892909808158806797e-04
2.645645645645645416e+00 5.688081199708476749e-04
2.651651651651651953e+00 5.489859499935682841e-04
2.657657657657657602e+00 5.298050837311530335e-04
2.663663663663663250e+00 5.112466340267715452e-04
2.669669669669669787e+00 4.932922031806614158e-04
2.675675675675675436e+00 4.759238725553437913e-04
2.681681681681681972e+00 4.591241923256889480e-04
2.687687687687687621e+00 4.428761713744637529e-04
2.693693693693693270e+00 4.271632673337039370e-04
2.699699699699699806e+00 4.119693767723237206e-04
2.705705705705705455e+00 3.972788255301481879e-04
2.711711711711711992e+00 3.830763591984760741e-04
2.717717717717717640e+00 3.693471337472540618e-04
2.723723723723723289e+00 3.560767062987221830e-04
2.729729729729729826e+00 3.432510260474260812e-04
2.735735735735735474e+00 3.308564253263248647e-04
2.741741741741742011e+00 3.188796108186347611e-04
2.747747747747747660e+00 3.073076549150492113e-04
2.753753753753753308e+00 2.961279872157766618e-04
2.759759759759759845e+00 2.853283861768798652e-04
2.765765765765765494e+00 2.748969709002450261e-04
2.771771771771772030e+00 2.648221930664744353e-04
2.777777777777777679e+00 2.550928290099393667e-04
2.783783783783783328e+00 2.456979719351343877e-04
2.789789789789789864e+00 2.366270242734562067e-04
2.795795795795795513e+00 2.278696901794349079e-04
2.801801801801802050e+00 2.194159681654074220e-04
2.807807807807807698e+00 2.112561438735868703e-04
2.813813813813813347e+00 2.033807829843951149e-04
2.819819819819819884e+00 1.957807242599193440e-04
2.825825825825825532e+00 1.884470727212884434e-04
2.831831831831832069e+00 1.813711929587130223e-04
2.837837837837837718e+00 1.745447025729328025e-04
2.843843843843843366e+00 1.679594657467314335e-04
2.849849849849849903e+00 1.616075869451822624e-04
2.855855855855855552e+00 1.554814047432423777e-04
2.861861861861862089e+00 1.495734857792652421e-04
2.867867867867867737e+00 1.438766188330225615e-04
2.873873873873873386e+00 1.383838090267365062e-04
2.879879879879879923e+00 1.330882721476618928e-04
2.885885885885885571e+00 1.279834290906978938e-04
2.891891891891892108e+00 1.230629004194893033e-04
2.897897897897897757e+00 1.183205010444972658e-04
2.903903903903904293e+00 1.137502350164469502e-04
2.909909909909909942e+00 1.093462904336058012e-04
2.915915915915915591e+00 1.051030344612755620e-04
2.921921921921922127e+00 1.010150084619220346e-04
2.927927927927927776e+00 9.707692323432540540e-05
2.933933933933934313e+00 9.328365436012631357e-05
2.939939939939939961e+00 8.963023765616877272e-05
2.945945945945945610e+00 8.611186473098710872e-05
2.951951951951952147e+00 8.272387864382909511e-05
2.957957957957957795e+00 7.946176966457286920e-05
2.963963963963964332e+00 7.632117113290372257e-05
2.969969969969969981e+00 7.329785541513046654e-05
2.975975975975975629e+00 7.038772995699593303e-05
2.981981981981982166e+00 6.758683343086892802e-05
2.987987987987987815e+00 6.489133197568722785e-05
2.993993993993994351e+00 6.229751552803028890e-05
3.000000000000000000e+00 5.980179424272081894e-05

