-2.999999999999999889e-01
-2.993993993993994129e-01
-2.987987987987987815e-01
-2.981981981981982055e-01
-2.975975975975975740e-01
-2.969969969969969981e-01
-2.963963963963963666e-01
-2.957957957957957906e-01
-2.951951951951951592e-01
-2.945945945945945832e-01
-2.939939939939940072e-01
-2.933933933933933758e-01
-2.927927927927927998e-01
-2.921921921921921683e-01
-2.915915915915915924e-01
-2.909909909909909609e-01
-2.903903903903903849e-01
-2.897897897897897534e-01
-2.891891891891891775e-01
-2.885885885885886015e-01
-2.879879879879879701e-01
-2.873873873873873941e-01
-2.867867867867867626e-01
-2.861861861861861867e-01
-2.855855855855855552e-01
-2.849849849849849792e-01
-2.843843843843843477e-01
-2.837837837837837718e-01
-2.831831831831831958e-01
-2.825825825825825643e-01
-2.819819819819819884e-01
-2.813813813813813569e-01
-2.807807807807807809e-01
-2.801801801801801495e-01
-2.795795795795795735e-01
-2.789789789789789420e-01
-2.783783783783783661e-01
-2.777777777777777901e-01
-2.771771771771771586e-01
-2.765765765765765827e-01
-2.759759759759759512e-01
-2.753753753753753752e-01
-2.747747747747747438e-01
-2.741741741741741678e-01
-2.735735735735735918e-01
-2.729729729729729604e-01
-2.723723723723723844e-01
-2.717717717717717529e-01
-2.711711711711711770e-01
-2.705705705705705455e-01
-2.699699699699699695e-01
-2.693693693693693381e-01
-2.687687687687687621e-01
-2.681681681681681306e-01
-2.675675675675675547e-01
-2.669669669669669787e-01
-2.663663663663663472e-01
-2.657657657657657713e-01
-2.651651651651651398e-01
-2.645645645645645638e-01
-2.639639639639639324e-01
-2.633633633633633564e-01
-2.627627627627627804e-01
-2.621621621621621490e-01
-2.615615615615615730e-01
-2.609609609609609415e-01
-2.603603603603603656e-01
-2.597597597597597341e-01
-2.591591591591591581e-01
-2.585585585585585267e-01
-2.579579579579579507e-01
-2.573573573573573192e-01
-2.567567567567567433e-01
-2.561561561561561673e-01
-2.555555555555555358e-01
-2.549549549549549599e-01
-2.543543543543543284e-01
-2.537537537537537524e-01
-2.531531531531531209e-01
-2.525525525525525450e-01
-2.519519519519519690e-01
-2.513513513513513375e-01
-2.507507507507507616e-01
-2.501501501501501301e-01
-2.495495495495495542e-01
-2.489489489489489504e-01
-2.483483483483483467e-01
-2.477477477477477430e-01
-2.471471471471471393e-01
-2.465465465465465356e-01
-2.459459459459459318e-01
-2.453453453453453281e-01
-2.447447447447447244e-01
-2.441441441441441484e-01
-2.435435435435435447e-01
-2.429429429429429410e-01
-2.423423423423423373e-01
-2.417417417417417336e-01
-2.411411411411411299e-01
-2.405405405405405261e-01
-2.399399399399399224e-01
-2.393393393393393187e-01
-2.387387387387387427e-01
-2.381381381381381390e-01
-2.375375375375375353e-01
-2.369369369369369316e-01
-2.363363363363363279e-01
-2.357357357357357242e-01
-2.351351351351351204e-01
-2.345345345345345445e-01
-2.339339339339339130e-01
-2.333333333333333370e-01
-2.327327327327327056e-01
-2.321321321321321296e-01
-2.315315315315315259e-01
-2.309309309309309222e-01
-2.303303303303303184e-01
-2.297297297297297147e-01
-2.291291291291291388e-01
-2.285285285285285073e-01
-2.279279279279279313e-01
-2.273273273273272999e-01
-2.267267267267267239e-01
-2.261261261261261202e-01
-2.255255255255255165e-01
-2.249249249249249127e-01
-2.243243243243243090e-01
-2.237237237237237331e-01
-2.231231231231231016e-01
-2.225225225225225256e-01
-2.219219219219218941e-01
-2.213213213213213182e-01
-2.207207207207207145e-01
-2.201201201201201108e-01
-2.195195195195195070e-01
-2.189189189189189033e-01
-2.183183183183183274e-01
-2.177177177177176959e-01
-2.171171171171171199e-01
-2.165165165165164884e-01
-2.159159159159159125e-01
-2.153153153153153088e-01
-2.147147147147147050e-01
-2.141141141141141013e-01
-2.135135135135134976e-01
-2.129129129129129216e-01
-2.123123123123122902e-01
-2.117117117117117142e-01
-2.111111111111111105e-01
-2.105105105105105068e-01
-2.099099099099099031e-01
-2.093093093093092993e-01
-2.087087087087086956e-01
-2.081081081081080919e-01
-2.075075075075075159e-01
-2.069069069069068845e-01
-2.063063063063063085e-01
-2.057057057057057048e-01
-2.051051051051051011e-01
-2.045045045045044974e-01
-2.039039039039038936e-01
-2.033033033033032899e-01
-2.027027027027026862e-01
-2.021021021021021102e-01
-2.015015015015014788e-01
-2.009009009009009028e-01
-2.003003003003002991e-01
-1.996996996996996954e-01
-1.990990990990990916e-01
-1.984984984984984879e-01
-1.978978978978979120e-01
-1.972972972972972805e-01
-1.966966966966967045e-01
-1.960960960960960731e-01
-1.954954954954954971e-01
-1.948948948948948934e-01
-1.942942942942942897e-01
-1.936936936936936859e-01
-1.930930930930930822e-01
-1.924924924924925063e-01
-1.918918918918918748e-01
-1.912912912912912988e-01
-1.906906906906906674e-01
-1.900900900900900914e-01
-1.894894894894894877e-01
-1.888888888888888840e-01
-1.882882882882882802e-01
-1.876876876876876765e-01
-1.870870870870871006e-01
-1.864864864864864691e-01
-1.858858858858858931e-01
-1.852852852852852616e-01
-1.846846846846846857e-01
-1.840840840840840820e-01
-1.834834834834834782e-01
-1.828828828828828745e-01
-1.822822822822822708e-01
-1.816816816816816949e-01
-1.810810810810810634e-01
-1.804804804804804874e-01
-1.798798798798798559e-01
-1.792792792792792800e-01
-1.786786786786786763e-01
-1.780780780780780725e-01
-1.774774774774774688e-01
-1.768768768768768651e-01
-1.762762762762762891e-01
-1.756756756756756577e-01
-1.750750750750750817e-01
-1.744744744744744780e-01
-1.738738738738738743e-01
-1.732732732732732706e-01
-1.726726726726726668e-01
-1.720720720720720631e-01
-1.714714714714714594e-01
-1.708708708708708557e-01
-1.702702702702702520e-01
-1.696696696696696760e-01
-1.690690690690690723e-01
-1.684684684684684686e-01
-1.678678678678678649e-01
-1.672672672672672611e-01
-1.666666666666666574e-01
-1.660660660660660537e-01
-1.654654654654654500e-01
-1.648648648648648463e-01
-1.642642642642642703e-01
-1.636636636636636666e-01
-1.630630630630630629e-01
-1.624624624624624591e-01
-1.618618618618618554e-01
-1.612612612612612517e-01
-1.606606606606606480e-01
-1.600600600600600443e-01
-1.594594594594594683e-01
-1.588588588588588646e-01
-1.582582582582582609e-01
-1.576576576576576572e-01
-1.570570570570570534e-01
-1.564564564564564497e-01
-1.558558558558558460e-01
-1.552552552552552423e-01
-1.546546546546546386e-01
-1.540540540540540626e-01
-1.534534534534534589e-01
-1.528528528528528552e-01
-1.522522522522522515e-01
-1.516516516516516477e-01
-1.510510510510510440e-01
-1.504504504504504403e-01
-1.498498498498498366e-01
-1.492492492492492329e-01
-1.486486486486486569e-01
-1.480480480480480532e-01
-1.474474474474474495e-01
-1.468468468468468457e-01
-1.462462462462462420e-01
-1.456456456456456383e-01
-1.450450450450450346e-01
-1.444444444444444309e-01
-1.438438438438438272e-01
-1.432432432432432512e-01
-1.426426426426426475e-01
-1.420420420420420438e-01
-1.414414414414414400e-01
-1.408408408408408363e-01
-1.402402402402402326e-01
-1.396396396396396289e-01
-1.390390390390390252e-01
-1.384384384384384215e-01
-1.378378378378378455e-01
-1.372372372372372418e-01
-1.366366366366366381e-01
-1.360360360360360343e-01
-1.354354354354354306e-01
-1.348348348348348269e-01
-1.342342342342342232e-01
-1.336336336336336195e-01
-1.330330330330330157e-01
-1.324324324324324398e-01
-1.318318318318318361e-01
-1.312312312312312323e-01
-1.306306306306306286e-01
-1.300300300300300249e-01
-1.294294294294294212e-01
-1.288288288288288175e-01
-1.282282282282282138e-01
-1.276276276276276378e-01
-1.270270270270270341e-01
-1.264264264264264304e-01
-1.258258258258258266e-01
-1.252252252252252229e-01
-1.246246246246246192e-01
-1.240240240240240155e-01
-1.234234234234234118e-01
-1.228228228228228081e-01
-1.222222222222222321e-01
-1.216216216216216284e-01
-1.210210210210210247e-01
-1.204204204204204209e-01
-1.198198198198198172e-01
-1.192192192192192135e-01
-1.186186186186186098e-01
-1.180180180180180061e-01
-1.174174174174174023e-01
-1.168168168168168264e-01
-1.162162162162162227e-01
-1.156156156156156189e-01
-1.150150150150150152e-01
-1.144144144144144115e-01
-1.138138138138138078e-01
-1.132132132132132041e-01
-1.126126126126126004e-01
-1.120120120120119966e-01
-1.114114114114114207e-01
-1.108108108108108170e-01
-1.102102102102102132e-01
-1.096096096096096095e-01
-1.090090090090090058e-01
-1.084084084084084021e-01
-1.078078078078077984e-01
-1.072072072072071947e-01
-1.066066066066065909e-01
-1.060060060060060150e-01
-1.054054054054054113e-01
-1.048048048048048075e-01
-1.042042042042042038e-01
-1.036036036036036001e-01
-1.030030030030029964e-01
-1.024024024024023927e-01
-1.018018018018017889e-01
-1.012012012012011852e-01
-1.006006006006006093e-01
-1.000000000000000056e-01
-9.939939939939940183e-02
-9.879879879879879812e-02
-9.819819819819819440e-02
-9.759759759759759068e-02
-9.699699699699698696e-02
-9.639639639639638324e-02
-9.579579579579580728e-02
-9.519519519519520356e-02
-9.459459459459459985e-02
-9.399399399399399613e-02
-9.339339339339339241e-02
-9.279279279279278869e-02
-9.219219219219218497e-02
-9.159159159159158126e-02
-9.099099099099097754e-02
-9.039039039039040158e-02
-8.978978978978979786e-02
-8.918918918918919414e-02
-8.858858858858859042e-02
-8.798798798798798670e-02
-8.738738738738738299e-02
-8.678678678678677927e-02
-8.618618618618617555e-02
-8.558558558558557183e-02
-8.498498498498499587e-02
-8.438438438438439215e-02
-8.378378378378378843e-02
-8.318318318318318472e-02
-8.258258258258258100e-02
-8.198198198198197728e-02
-8.138138138138137356e-02
-8.078078078078076985e-02
-8.018018018018016613e-02
-7.957957957957959017e-02
-7.897897897897898645e-02
-7.837837837837838273e-02
-7.777777777777777901e-02
-7.717717717717717529e-02
-7.657657657657657158e-02
-7.597597597597596786e-02
-7.537537537537536414e-02
-7.477477477477476042e-02
-7.417417417417418446e-02
-7.357357357357358074e-02
-7.297297297297297702e-02
-7.237237237237237331e-02
-7.177177177177176959e-02
-7.117117117117116587e-02
-7.057057057057056215e-02
-6.996996996996995843e-02
-6.936936936936938247e-02
-6.876876876876877875e-02
-6.816816816816817504e-02
-6.756756756756757132e-02
-6.696696696696696760e-02
-6.636636636636636388e-02
-6.576576576576576016e-02
-6.516516516516515645e-02
-6.456456456456455273e-02
-6.396396396396397677e-02
-6.336336336336337305e-02
-6.276276276276276933e-02
-6.216216216216216561e-02
-6.156156156156156189e-02
-6.096096096096095818e-02
-6.036036036036035446e-02
-5.975975975975975074e-02
-5.915915915915914702e-02
-5.855855855855857106e-02
-5.795795795795796734e-02
-5.735735735735736363e-02
-5.675675675675675991e-02
-5.615615615615615619e-02
-5.555555555555555247e-02
-5.495495495495494875e-02
-5.435435435435434504e-02
-5.375375375375374132e-02
-5.315315315315316536e-02
-5.255255255255256164e-02
-5.195195195195195792e-02
-5.135135135135135420e-02
-5.075075075075075048e-02
-5.015015015015014677e-02
-4.954954954954954305e-02
-4.894894894894896709e-02
-4.834834834834833561e-02
-4.774774774774775965e-02
-4.714714714714712818e-02
-4.654654654654655221e-02
-4.594594594594592074e-02
-4.534534534534534478e-02
-4.474474474474476882e-02
-4.414414414414413734e-02
-4.354354354354356138e-02
-4.294294294294292991e-02
-4.234234234234235394e-02
-4.174174174174172247e-02
-4.114114114114114651e-02
-4.054054054054051504e-02
-3.993993993993993907e-02
-3.933933933933936311e-02
-3.873873873873873164e-02
-3.813813813813815567e-02
-3.753753753753752420e-02
-3.693693693693694824e-02
-3.633633633633631677e-02
-3.573573573573574080e-02
-3.513513513513510933e-02
-3.453453453453453337e-02
-3.393393393393395741e-02
-3.333333333333332593e-02
-3.273273273273274997e-02
-3.213213213213211850e-02
-3.153153153153154253e-02
-3.093093093093091106e-02
-3.033033033033033510e-02
-2.972972972972970362e-02
-2.912912912912912766e-02
-2.852852852852855170e-02
-2.792792792792792023e-02
-2.732732732732734426e-02
-2.672672672672671279e-02
-2.612612612612613683e-02
-2.552552552552550535e-02
-2.492492492492492939e-02
-2.432432432432429792e-02
-2.372372372372372196e-02
-2.312312312312314599e-02
-2.252252252252251452e-02
-2.192192192192193856e-02
-2.132132132132130709e-02
-2.072072072072073112e-02
-2.012012012012009965e-02
-1.951951951951952369e-02
-1.891891891891894772e-02
-1.831831831831831625e-02
-1.771771771771774029e-02
-1.711711711711710882e-02
-1.651651651651653285e-02
-1.591591591591590138e-02
-1.531531531531532542e-02
-1.471471471471469394e-02
-1.411411411411411798e-02
-1.351351351351354202e-02
-1.291291291291291055e-02
-1.231231231231233458e-02
-1.171171171171170311e-02
-1.111111111111112715e-02
-1.051051051051049567e-02
-9.909909909909919712e-03
-9.309309309309288238e-03
-8.708708708708712276e-03
-8.108108108108136314e-03
-7.507507507507504840e-03
-6.906906906906928878e-03
-6.306306306306297405e-03
-5.705705705705721442e-03
-5.105105105105089969e-03
-4.504504504504514006e-03
-3.903903903903882533e-03
-3.303303303303306571e-03
-2.702702702702730608e-03
-2.102102102102099135e-03
-1.501501501501523173e-03
-9.009009009008916991e-04
-3.003003003003157367e-04
3.003003003003157367e-04
9.009009009008916991e-04
1.501501501501523173e-03
2.102102102102099135e-03
2.702702702702675097e-03
3.303303303303306571e-03
3.903903903903882533e-03
4.504504504504514006e-03
5.105105105105089969e-03
5.705705705705721442e-03
6.306306306306297405e-03
6.906906906906928878e-03
7.507507507507504840e-03
8.108108108108080803e-03
8.708708708708712276e-03
9.309309309309288238e-03
9.909909909909919712e-03
1.051051051051049567e-02
1.111111111111112715e-02
1.171171171171170311e-02
1.231231231231233458e-02
1.291291291291291055e-02
1.351351351351348651e-02
1.411411411411411798e-02
1.471471471471469394e-02
1.531531531531532542e-02
1.591591591591590138e-02
1.651651651651653285e-02
1.711711711711710882e-02
1.771771771771774029e-02
1.831831831831831625e-02
1.891891891891889221e-02
1.951951951951952369e-02
2.012012012012009965e-02
2.072072072072073112e-02
2.132132132132130709e-02
2.192192192192193856e-02
2.252252252252251452e-02
2.312312312312314599e-02
2.372372372372372196e-02
2.432432432432429792e-02
2.492492492492492939e-02
2.552552552552550535e-02
2.612612612612613683e-02
2.672672672672671279e-02
2.732732732732734426e-02
2.792792792792792023e-02
2.852852852852855170e-02
2.912912912912912766e-02
2.972972972972970362e-02
3.033033033033033510e-02
3.093093093093091106e-02
3.153153153153154253e-02
3.213213213213211850e-02
3.273273273273274997e-02
3.333333333333332593e-02
3.393393393393395741e-02
3.453453453453453337e-02
3.513513513513510933e-02
3.573573573573574080e-02
3.633633633633631677e-02
3.693693693693694824e-02
3.753753753753752420e-02
3.813813813813815567e-02
3.873873873873873164e-02
3.933933933933930760e-02
3.993993993993993907e-02
4.054054054054051504e-02
4.114114114114114651e-02
4.174174174174172247e-02
4.234234234234235394e-02
4.294294294294292991e-02
4.354354354354356138e-02
4.414414414414413734e-02
4.474474474474471331e-02
4.534534534534534478e-02
4.594594594594592074e-02
4.654654654654655221e-02
4.714714714714712818e-02
4.774774774774775965e-02
4.834834834834833561e-02
4.894894894894896709e-02
4.954954954954954305e-02
5.015015015015011901e-02
5.075075075075075048e-02
5.135135135135132645e-02
5.195195195195195792e-02
5.255255255255253388e-02
5.315315315315316536e-02
5.375375375375374132e-02
5.435435435435437279e-02
5.495495495495494875e-02
5.555555555555552472e-02
5.615615615615615619e-02
5.675675675675673215e-02
5.735735735735736363e-02
5.795795795795793959e-02
5.855855855855857106e-02
5.915915915915914702e-02
5.975975975975977850e-02
6.036036036036035446e-02
6.096096096096093042e-02
6.156156156156156189e-02
6.216216216216213786e-02
6.276276276276276933e-02
6.336336336336334529e-02
6.396396396396397677e-02
6.456456456456455273e-02
6.516516516516518420e-02
6.576576576576576016e-02
6.636636636636633613e-02
6.696696696696696760e-02
6.756756756756754356e-02
6.816816816816817504e-02
6.876876876876875100e-02
6.936936936936938247e-02
6.996996996996995843e-02
7.057057057057058991e-02
7.117117117117116587e-02
7.177177177177174183e-02
7.237237237237237331e-02
7.297297297297294927e-02
7.357357357357358074e-02
7.417417417417415670e-02
7.477477477477478818e-02
7.537537537537536414e-02
7.597597597597599561e-02
7.657657657657657158e-02
7.717717717717714754e-02
7.777777777777777901e-02
7.837837837837835497e-02
7.897897897897898645e-02
7.957957957957956241e-02
8.018018018018019388e-02
8.078078078078076985e-02
8.138138138138140132e-02
8.198198198198197728e-02
8.258258258258255324e-02
8.318318318318318472e-02
8.378378378378376068e-02
8.438438438438439215e-02
8.498498498498496811e-02
8.558558558558559959e-02
8.618618618618617555e-02
8.678678678678680702e-02
8.738738738738738299e-02
8.798798798798795895e-02
8.858858858858859042e-02
8.918918918918916638e-02
8.978978978978979786e-02
9.039039039039037382e-02
9.099099099099100529e-02
9.159159159159158126e-02
9.219219219219221273e-02
9.279279279279278869e-02
9.339339339339336465e-02
9.399399399399399613e-02
9.459459459459457209e-02
9.519519519519520356e-02
9.579579579579577953e-02
9.639639639639641100e-02
9.699699699699698696e-02
9.759759759759761844e-02
9.819819819819819440e-02
9.879879879879877036e-02
9.939939939939940183e-02
9.999999999999997780e-02
1.006006006006006093e-01
1.012012012012011852e-01
1.018018018018018167e-01
1.024024024024023927e-01
1.030030030030029686e-01
1.036036036036036001e-01
1.042042042042041761e-01
1.048048048048048075e-01
1.054054054054053835e-01
1.060060060060060150e-01
1.066066066066065909e-01
1.072072072072072224e-01
1.078078078078077984e-01
1.084084084084083743e-01
1.090090090090090058e-01
1.096096096096095818e-01
1.102102102102102132e-01
1.108108108108107892e-01
1.114114114114114207e-01
1.120120120120119966e-01
1.126126126126126281e-01
1.132132132132132041e-01
1.138138138138137800e-01
1.144144144144144115e-01
1.150150150150149875e-01
1.156156156156156189e-01
1.162162162162161949e-01
1.168168168168168264e-01
1.174174174174174023e-01
1.180180180180180338e-01
1.186186186186186098e-01
1.192192192192191857e-01
1.198198198198198172e-01
1.204204204204203932e-01
1.210210210210210247e-01
1.216216216216216006e-01
1.222222222222222321e-01
1.228228228228228081e-01
1.234234234234234395e-01
1.240240240240240155e-01
1.246246246246245915e-01
1.252252252252252229e-01
1.258258258258257989e-01
1.264264264264264304e-01
1.270270270270270063e-01
1.276276276276276378e-01
1.282282282282282138e-01
1.288288288288288452e-01
1.294294294294294212e-01
1.300300300300299972e-01
1.306306306306306286e-01
1.312312312312312046e-01
1.318318318318318361e-01
1.324324324324324120e-01
1.330330330330330435e-01
1.336336336336336195e-01
1.342342342342342509e-01
1.348348348348348269e-01
1.354354354354354029e-01
1.360360360360360343e-01
1.366366366366366103e-01
1.372372372372372418e-01
1.378378378378378177e-01
1.384384384384384492e-01
1.390390390390390252e-01
1.396396396396396566e-01
1.402402402402402326e-01
1.408408408408408086e-01
1.414414414414414400e-01
1.420420420420420160e-01
1.426426426426426475e-01
1.432432432432432234e-01
1.438438438438438549e-01
1.444444444444444309e-01
1.450450450450450623e-01
1.456456456456456383e-01
1.462462462462462143e-01
1.468468468468468457e-01
1.474474474474474217e-01
1.480480480480480532e-01
1.486486486486486291e-01
1.492492492492492606e-01
1.498498498498498366e-01
1.504504504504504681e-01
1.510510510510510440e-01
1.516516516516516200e-01
1.522522522522522515e-01
1.528528528528528274e-01
1.534534534534534589e-01
1.540540540540540349e-01
1.546546546546546663e-01
1.552552552552552423e-01
1.558558558558558738e-01
1.564564564564564497e-01
1.570570570570570257e-01
1.576576576576576572e-01
1.582582582582582331e-01
1.588588588588588646e-01
1.594594594594594406e-01
1.600600600600600720e-01
1.606606606606606480e-01
1.612612612612612240e-01
1.618618618618618554e-01
1.624624624624624314e-01
1.630630630630630629e-01
1.636636636636636388e-01
1.642642642642642703e-01
1.648648648648648463e-01
1.654654654654654777e-01
1.660660660660660537e-01
1.666666666666666297e-01
1.672672672672672611e-01
1.678678678678678371e-01
1.684684684684684686e-01
1.690690690690690445e-01
1.696696696696696760e-01
1.702702702702702520e-01
1.708708708708708834e-01
1.714714714714714594e-01
1.720720720720720354e-01
1.726726726726726668e-01
1.732732732732732428e-01
1.738738738738738743e-01
1.744744744744744502e-01
1.750750750750750817e-01
1.756756756756756577e-01
1.762762762762762891e-01
1.768768768768768651e-01
1.774774774774774411e-01
1.780780780780780725e-01
1.786786786786786485e-01
1.792792792792792800e-01
1.798798798798798559e-01
1.804804804804804874e-01
1.810810810810810634e-01
1.816816816816816949e-01
1.822822822822822708e-01
1.828828828828828468e-01
1.834834834834834782e-01
1.840840840840840542e-01
1.846846846846846857e-01
1.852852852852852616e-01
1.858858858858858931e-01
1.864864864864864691e-01
1.870870870870871006e-01
1.876876876876876765e-01
1.882882882882882525e-01
1.888888888888888840e-01
1.894894894894894599e-01
1.900900900900900914e-01
1.906906906906906674e-01
1.912912912912912988e-01
1.918918918918918748e-01
1.924924924924925063e-01
1.930930930930930822e-01
1.936936936936936582e-01
1.942942942942942897e-01
1.948948948948948656e-01
1.954954954954954971e-01
1.960960960960960731e-01
1.966966966966967045e-01
1.972972972972972805e-01
1.978978978978979120e-01
1.984984984984984879e-01
1.990990990990990639e-01
1.996996996996996954e-01
2.003003003003002713e-01
2.009009009009009028e-01
2.015015015015015343e-01
2.021021021021020547e-01
2.027027027027026862e-01
2.033033033033033177e-01
2.039039039039038381e-01
2.045045045045044696e-01
2.051051051051051011e-01
2.057057057057057325e-01
2.063063063063062530e-01
2.069069069069068845e-01
2.075075075075075159e-01
2.081081081081081474e-01
2.087087087087086679e-01
2.093093093093092993e-01
2.099099099099099308e-01
2.105105105105104513e-01
2.111111111111110827e-01
2.117117117117117142e-01
2.123123123123123457e-01
2.129129129129128661e-01
2.135135135135134976e-01
2.141141141141141291e-01
2.147147147147146495e-01
2.153153153153152810e-01
2.159159159159159125e-01
2.165165165165165440e-01
2.171171171171170644e-01
2.177177177177176959e-01
2.183183183183183274e-01
2.189189189189189588e-01
2.195195195195194793e-01
2.201201201201201108e-01
2.207207207207207422e-01
2.213213213213212627e-01
2.219219219219218941e-01
2.225225225225225256e-01
2.231231231231231571e-01
2.237237237237236775e-01
2.243243243243243090e-01
2.249249249249249405e-01
2.255255255255254609e-01
2.261261261261260924e-01
2.267267267267267239e-01
2.273273273273273554e-01
2.279279279279278758e-01
2.285285285285285073e-01
2.291291291291291388e-01
2.297297297297297702e-01
2.303303303303302907e-01
2.309309309309309222e-01
2.315315315315315536e-01
2.321321321321320741e-01
2.327327327327327056e-01
2.333333333333333370e-01
2.339339339339339685e-01
2.345345345345344890e-01
2.351351351351351204e-01
2.357357357357357519e-01
2.363363363363362724e-01
2.369369369369369038e-01
2.375375375375375353e-01
2.381381381381381668e-01
2.387387387387386872e-01
2.393393393393393187e-01
2.399399399399399502e-01
2.405405405405405816e-01
2.411411411411411021e-01
2.417417417417417336e-01
2.423423423423423650e-01
2.429429429429428855e-01
2.435435435435435170e-01
2.441441441441441484e-01
2.447447447447447799e-01
2.453453453453453004e-01
2.459459459459459318e-01
2.465465465465465633e-01
2.471471471471470838e-01
2.477477477477477152e-01
2.483483483483483467e-01
2.489489489489489782e-01
2.495495495495494986e-01
2.501501501501501301e-01
2.507507507507507616e-01
2.513513513513513931e-01
2.519519519519519135e-01
2.525525525525525450e-01
2.531531531531531765e-01
2.537537537537536969e-01
2.543543543543543284e-01
2.549549549549549599e-01
2.555555555555555913e-01
2.561561561561561118e-01
2.567567567567567433e-01
2.573573573573573747e-01
2.579579579579578952e-01
2.585585585585585267e-01
2.591591591591591581e-01
2.597597597597597896e-01
2.603603603603603101e-01
2.609609609609609415e-01
2.615615615615615730e-01
2.621621621621620934e-01
2.627627627627627249e-01
2.633633633633633564e-01
2.639639639639639879e-01
2.645645645645645083e-01
2.651651651651651398e-01
2.657657657657657713e-01
2.663663663663664027e-01
2.669669669669669232e-01
2.675675675675675547e-01
2.681681681681681861e-01
2.687687687687687066e-01
2.693693693693693381e-01
2.699699699699699695e-01
2.705705705705706010e-01
2.711711711711711215e-01
2.717717717717717529e-01
2.723723723723723844e-01
2.729729729729729049e-01
2.735735735735735363e-01
2.741741741741741678e-01
2.747747747747747993e-01
2.753753753753753197e-01
2.759759759759759512e-01
2.765765765765765827e-01
2.771771771771772142e-01
2.777777777777777346e-01
2.783783783783783661e-01
2.789789789789789975e-01
2.795795795795795180e-01
2.801801801801801495e-01
2.807807807807807809e-01
2.813813813813814124e-01
2.819819819819819329e-01
2.825825825825825643e-01
2.831831831831831958e-01
2.837837837837837163e-01
2.843843843843843477e-01
2.849849849849849792e-01
2.855855855855856107e-01
2.861861861861861311e-01
2.867867867867867626e-01
2.873873873873873941e-01
2.879879879879880256e-01
2.885885885885885460e-01
2.891891891891891775e-01
2.897897897897898090e-01
2.903903903903903294e-01
2.909909909909909609e-01
2.915915915915915924e-01
2.921921921921922238e-01
2.927927927927927443e-01
2.933933933933933758e-01
2.939939939939940072e-01
2.945945945945945277e-01
2.951951951951951592e-01
2.957957957957957906e-01
2.963963963963964221e-01
2.969969969969969426e-01
2.975975975975975740e-01
2.981981981981982055e-01
2.987987987987988370e-01
2.993993993993993574e-01
2.999999999999999889e-01
