-2.888276166666666755e-01
-2.688968499999999651e-01
-2.489660833333333101e-01
-2.290353166666666551e-01
-2.091045499999999724e-01
-1.891737833333333174e-01
-1.692430166666666347e-01
-1.493122499999999797e-01
-1.293814833333333247e-01
-1.094507166666666559e-01
-8.951994999999998703e-02
-6.958918333333333206e-02
-4.965841666666667709e-02
-2.972764999999999436e-02
-9.796883333333311628e-03
1.013388333333334335e-02
3.006464999999999832e-02
4.999541666666665329e-02
6.992618333333333602e-02
8.985695000000001875e-02
1.097877166666666737e-01
1.297184833333333287e-01
1.496492499999999837e-01
1.695800166666666386e-01
1.895107833333333214e-01
2.094415499999999764e-01
2.293723166666666313e-01
2.493030833333333418e-01
2.692338499999999968e-01
2.891646166666666518e-01
