-2.894151333333333520e-01
-2.694413999999999976e-01
-2.494676666666666709e-01
-2.294939333333333165e-01
-2.095201999999999898e-01
-1.895464666666666353e-01
-1.695727333333333087e-01
-1.495989999999999820e-01
-1.296252666666666276e-01
-1.096515333333333009e-01
-8.967779999999996032e-02
-6.970406666666663364e-02
-4.973033333333329309e-02
-2.975659999999993865e-02
-9.782866666666611977e-03
1.019086666666671470e-02
3.016460000000006914e-02
5.013833333333339581e-02
7.011206666666672249e-02
9.008580000000007693e-02
1.100595333333334036e-01
1.300332666666667303e-01
1.500070000000000847e-01
1.699807333333334114e-01
1.899544666666667381e-01
2.099282000000000925e-01
2.299019333333334192e-01
2.498756666666667736e-01
2.698494000000001281e-01
2.898231333333334270e-01
