-2.103749666666666629e-01
-1.931208999999999842e-01
-1.758668333333333333e-01
-1.586127666666666547e-01
-1.413587000000000038e-01
-1.241046333333333251e-01
-1.068505666666666465e-01
-8.959649999999999559e-02
-7.234243333333331694e-02
-5.508836666666665216e-02
-3.783429999999998739e-02
-2.058023333333330873e-02
-3.326166666666643956e-03
1.392790000000002082e-02
3.118196666666668559e-02
4.843603333333335037e-02
6.569010000000002902e-02
8.294416666666670768e-02
1.001982333333333586e-01
1.174523000000000095e-01
1.347063666666666881e-01
1.519604333333333668e-01
1.692145000000000454e-01
1.864685666666667241e-01
2.037226333333333750e-01
2.209767000000000259e-01
2.382307666666667045e-01
2.554848333333333832e-01
2.727389000000000618e-01
2.899929666666666850e-01
