-2.899012833333333150e-01
-2.699578499999999992e-01
-2.500144166666666834e-01
-2.300709833333333398e-01
-2.101275499999999963e-01
-1.901841166666666805e-01
-1.702406833333333369e-01
-1.502972499999999934e-01
-1.303538166666666775e-01
-1.104103833333333340e-01
-9.046695000000000431e-02
-7.052351666666666075e-02
-5.058008333333333106e-02
-3.063665000000001526e-02
-1.069321666666667170e-02
9.250216666666671861e-03
2.919364999999998767e-02
4.913708333333333123e-02
6.908051666666667479e-02
8.902394999999999059e-02
1.089673833333333341e-01
1.289108166666666777e-01
1.488542499999999935e-01
1.687976833333333371e-01
1.887411166666666806e-01
2.086845499999999964e-01
2.286279833333333400e-01
2.485714166666666558e-01
2.685148499999999716e-01
2.884582833333333429e-01
