-2.812347666666666912e-01
-2.617762999999999618e-01
-2.423178333333333434e-01
-2.228593666666666695e-01
-2.034008999999999956e-01
-1.839424333333333217e-01
-1.644839666666666755e-01
-1.450255000000000016e-01
-1.255670333333333277e-01
-1.061085666666666538e-01
-8.665009999999999379e-02
-6.719163333333333377e-02
-4.773316666666667374e-02
-2.827470000000001371e-02
-8.816233333333339806e-03
1.064223333333333410e-02
3.010070000000000801e-02
4.955916666666668191e-02
6.901763333333335582e-02
8.847610000000002972e-02
1.079345666666666759e-01
1.273930333333333220e-01
1.468514999999999959e-01
1.663099666666666698e-01
1.857684333333333437e-01
2.052268999999999899e-01
2.246853666666666638e-01
2.441438333333333377e-01
2.636023000000000116e-01
2.830607666666666855e-01
