-1.735728500000000007e-01
-1.539385500000000073e-01
-1.343042500000000139e-01
-1.146699499999999927e-01
-9.503564999999999929e-02
-7.540135000000000587e-02
-5.576704999999999163e-02
-3.613274999999999126e-02
-1.649844999999999784e-02
3.135849999999995585e-03
2.277015000000000289e-02
4.240445000000001019e-02
6.203875000000001749e-02
8.167305000000002480e-02
1.013073500000000182e-01
1.209416500000000116e-01
1.405759500000000051e-01
1.602102499999999985e-01
1.798445499999999919e-01
1.994788499999999853e-01
2.191131500000000065e-01
2.387474500000000277e-01
2.583817500000000211e-01
2.780160500000000146e-01
2.976503500000000080e-01
3.172846500000000569e-01
3.369189500000000503e-01
3.565532500000000438e-01
3.761875500000000372e-01
3.958218500000000306e-01
