-1.586988999999999761e-01
-1.365887000000000073e-01
-1.144784999999999831e-01
-9.236829999999998653e-02
-7.025809999999999000e-02
-4.814789999999998654e-02
-2.603769999999998308e-02
-3.927499999999986557e-03
1.818270000000000997e-02
4.029290000000000649e-02
6.240310000000000301e-02
8.451330000000001341e-02
1.066235000000000099e-01
1.287337000000000065e-01
1.508439000000000030e-01
1.729540999999999995e-01
1.950643000000000238e-01
2.171745000000000203e-01
2.392847000000000168e-01
2.613948999999999856e-01
2.835051000000000099e-01
3.056153000000000342e-01
3.277255000000000029e-01
3.498357000000000272e-01
3.719459000000000515e-01
3.940561000000000202e-01
4.161663000000000445e-01
4.382765000000000688e-01
4.603867000000000376e-01
4.824969000000000063e-01
