-1.693417166666666418e-01
-1.518091500000000038e-01
-1.342765833333333381e-01
-1.167440166666666723e-01
-9.921145000000000658e-02
-8.167888333333334083e-02
-6.414631666666668897e-02
-4.661375000000002322e-02
-2.908118333333335748e-02
-1.154861666666669173e-02
5.983949999999974012e-03
2.351651666666662588e-02
4.104908333333327775e-02
5.858164999999994349e-02
7.611421666666662311e-02
9.364678333333328886e-02
1.111793499999999268e-01
1.287119166666665926e-01
1.462444833333332583e-01
1.637770499999999241e-01
1.813096166666665898e-01
1.988421833333332556e-01
2.163747499999999213e-01
2.339073166666665593e-01
2.514398833333332250e-01
2.689724499999999185e-01
2.865050166666665565e-01
3.040375833333331945e-01
3.215701499999998880e-01
3.391027166666665815e-01
