-1.721076333333333430e-01
-1.495428999999999786e-01
-1.269781666666666697e-01
-1.044134333333333470e-01
-8.184870000000001034e-02
-5.928396666666668757e-02
-3.671923333333336481e-02
-1.415450000000002817e-02
8.410233333333308470e-03
3.097496666666664511e-02
5.353969999999996787e-02
7.610443333333327676e-02
9.866916666666661340e-02
1.212338999999999500e-01
1.437986333333332867e-01
1.663633666666666233e-01
1.889280999999999322e-01
2.114928333333332688e-01
2.340575666666666055e-01
2.566222999999999699e-01
2.791870333333332788e-01
3.017517666666665876e-01
3.243164999999998965e-01
3.468812333333332054e-01
3.694459666666665698e-01
3.920106999999999342e-01
4.145754333333332431e-01
4.371401666666665520e-01
4.597048999999998609e-01
4.822696333333332808e-01
