-1.643311833333333249e-01
-1.471555499999999961e-01
-1.299799166666666672e-01
-1.128042833333333245e-01
-9.562864999999999560e-02
-7.845301666666665286e-02
-6.127738333333332399e-02
-4.410174999999999512e-02
-2.692611666666666626e-02
-9.750483333333337388e-03
7.425149999999991479e-03
2.460078333333333422e-02
4.177641666666667697e-02
5.895205000000000584e-02
7.612768333333333470e-02
9.330331666666666357e-02
1.104789499999999924e-01
1.276545833333333213e-01
1.448302166666666502e-01
1.620058499999999790e-01
1.791814833333333079e-01
1.963571166666666368e-01
2.135327499999999656e-01
2.307083833333333223e-01
2.478840166666666789e-01
2.650596499999999800e-01
2.822352833333333644e-01
2.994109166666666377e-01
3.165865500000000221e-01
3.337621833333332955e-01
