-1.722915166666666720e-01
-1.500945499999999933e-01
-1.278975833333333423e-01
-1.057006166666666636e-01
-8.350365000000001259e-02
-6.130668333333334080e-02
-3.910971666666666902e-02
-1.691275000000000417e-02
5.284216666666646800e-03
2.748118333333331165e-02
4.967814999999999037e-02
7.187511666666665522e-02
9.407208333333330619e-02
1.162690499999999849e-01
1.384660166666666636e-01
1.606629833333333146e-01
1.828599499999999656e-01
2.050569166666666165e-01
2.272538833333332953e-01
2.494508499999999740e-01
2.716478166666665972e-01
2.938447833333333037e-01
3.160417499999999547e-01
3.382387166666666056e-01
3.604356833333333121e-01
3.826326499999999631e-01
4.048296166666666140e-01
4.270265833333333205e-01
4.492235499999999715e-01
4.714205166666666225e-01
