-2.105915666666666741e-01
-1.866787000000000030e-01
-1.627658333333333318e-01
-1.388529666666666884e-01
-1.149401000000000034e-01
-9.102723333333334610e-02
-6.711436666666668882e-02
-4.320150000000001766e-02
-1.928863333333334651e-02
4.624233333333324647e-03
2.853709999999998193e-02
5.244996666666662533e-02
7.636283333333329648e-02
1.002756999999999676e-01
1.241885666666666388e-01
1.481014333333333099e-01
1.720142999999999534e-01
1.959271666666666245e-01
2.198400333333332957e-01
2.437528999999999946e-01
2.676657666666666380e-01
2.915786333333332814e-01
3.154914999999999803e-01
3.394043666666666237e-01
3.633172333333332671e-01
3.872300999999999660e-01
4.111429666666666649e-01
4.350558333333333083e-01
4.589686999999999517e-01
4.828815666666666506e-01
