-2.051997833333333299e-01
-1.828633499999999801e-01
-1.605269166666666858e-01
-1.381904833333333360e-01
-1.158540499999999862e-01
-9.351761666666666417e-02
-7.118118333333332826e-02
-4.884474999999999234e-02
-2.650831666666664255e-02
-4.171883333333306632e-03
1.816455000000001541e-02
4.050098333333335132e-02
6.283741666666670111e-02
8.517385000000002315e-02
1.075102833333333452e-01
1.298467166666666950e-01
1.521831500000000448e-01
1.745195833333333946e-01
1.968560166666667166e-01
2.191924500000000386e-01
2.415288833333333884e-01
2.638653166666666827e-01
2.862017500000000325e-01
3.085381833333333823e-01
3.308746166666667321e-01
3.532110500000000819e-01
3.755474833333334317e-01
3.978839166666667260e-01
4.202203500000000203e-01
4.425567833333333700e-01
