6.451234499999999983e+00
6.818063499999999166e+00
7.184892500000000126e+00
7.551721499999999310e+00
7.918550500000000270e+00
8.285379499999999453e+00
8.652208500000000413e+00
9.019037499999999596e+00
9.385866499999998780e+00
9.752695499999999740e+00
1.011952449999999892e+01
1.048635349999999988e+01
1.085318249999999907e+01
1.122001150000000003e+01
1.158684049999999921e+01
1.195366950000000017e+01
1.232049849999999935e+01
1.268732750000000031e+01
1.305415649999999950e+01
1.342098550000000046e+01
