8.449900333333333791e+00
8.569141000000000119e+00
8.688381666666666447e+00
8.807622333333334552e+00
8.926863000000000881e+00
9.046103666666667209e+00
9.165344333333333537e+00
9.284584999999999866e+00
9.403825666666666194e+00
9.523066333333334299e+00
9.642307000000000627e+00
9.761547666666666956e+00
9.880788333333333284e+00
1.000002899999999961e+01
1.011926966666666594e+01
1.023851033333333405e+01
1.035775100000000037e+01
1.047699166666666670e+01
1.059623233333333303e+01
1.071547299999999936e+01
1.083471366666666569e+01
1.095395433333333379e+01
1.107319500000000012e+01
1.119243566666666645e+01
1.131167633333333278e+01
1.143091699999999911e+01
1.155015766666666543e+01
1.166939833333333176e+01
1.178863899999999987e+01
1.190787966666666620e+01
