8.684097666666666271e+00
8.790013000000000076e+00
8.895928333333333882e+00
9.001843666666665911e+00
9.107759000000001492e+00
9.213674333333333522e+00
9.319589666666665551e+00
9.425505000000001132e+00
9.531420333333333161e+00
9.637335666666666967e+00
9.743251000000000772e+00
9.849166333333332801e+00
9.955081666666666607e+00
1.006099700000000041e+01
1.016691233333333244e+01
1.027282766666666802e+01
1.037874300000000005e+01
1.048465833333333386e+01
1.059057366666666766e+01
1.069648899999999969e+01
1.080240433333333350e+01
1.090831966666666730e+01
1.101423499999999933e+01
1.112015033333333314e+01
1.122606566666666694e+01
1.133198099999999897e+01
1.143789633333333455e+01
1.154381166666666658e+01
1.164972700000000039e+01
1.175564233333333419e+01
