7.205766999999999811e+00
7.353740999999999417e+00
7.501714999999999911e+00
7.649689000000000405e+00
7.797663000000000011e+00
7.945636999999999617e+00
8.093610999999999223e+00
8.241585000000000605e+00
8.389559000000000211e+00
8.537532999999999817e+00
8.685507000000001199e+00
8.833480999999999028e+00
8.981455000000000410e+00
9.129429000000000016e+00
9.277402999999999622e+00
9.425377000000001004e+00
9.573350999999998834e+00
9.721325000000000216e+00
9.869298999999999822e+00
1.001727299999999943e+01
1.016524700000000081e+01
1.031322099999999864e+01
1.046119500000000002e+01
1.060916899999999963e+01
1.075714299999999923e+01
1.090511700000000062e+01
1.105309100000000022e+01
1.120106499999999983e+01
1.134903899999999943e+01
1.149701299999999904e+01
