8.660891166666665697e+00
8.768213499999999883e+00
8.875535833333334068e+00
8.982858166666666477e+00
9.090180499999998887e+00
9.197502833333333072e+00
9.304825166666667258e+00
9.412147499999999667e+00
9.519469833333332076e+00
9.626792166666666262e+00
9.734114500000000447e+00
9.841436833333332856e+00
9.948759166666665266e+00
1.005608149999999945e+01
1.016340383333333364e+01
1.027072616666666605e+01
1.037804850000000023e+01
1.048537083333333264e+01
1.059269316666666683e+01
1.070001549999999924e+01
1.080733783333333342e+01
1.091466016666666761e+01
1.102198250000000002e+01
1.112930483333333243e+01
1.123662716666666661e+01
1.134394950000000080e+01
1.145127183333333321e+01
1.155859416666666561e+01
1.166591649999999980e+01
1.177323883333333399e+01
