7.216041999999999845e+00
7.384565999999999519e+00
7.553090000000000082e+00
7.721613999999999756e+00
7.890138000000000318e+00
8.058661999999999992e+00
8.227185999999999666e+00
8.395710000000001116e+00
8.564233999999999014e+00
8.732758000000000465e+00
8.901282000000000139e+00
9.069805999999999813e+00
9.238330000000001263e+00
9.406853999999999161e+00
9.575378000000000611e+00
9.743902000000000285e+00
9.912425999999999959e+00
1.008095000000000141e+01
1.024947399999999931e+01
1.041799800000000076e+01
1.058652200000000043e+01
1.075504600000000011e+01
1.092356999999999978e+01
1.109209399999999945e+01
1.126061800000000090e+01
1.142914200000000058e+01
1.159766600000000025e+01
1.176618999999999993e+01
1.193471399999999960e+01
1.210323800000000105e+01
