7.205972000000000044e+00
7.354356000000000115e+00
7.502740000000000187e+00
7.651124000000000258e+00
7.799507999999999441e+00
7.947891999999999513e+00
8.096275999999999584e+00
8.244659999999999656e+00
8.393043999999999727e+00
8.541427999999999798e+00
8.689811999999999870e+00
8.838195999999999941e+00
8.986580000000000013e+00
9.134964000000000084e+00
9.283348000000000155e+00
9.431732000000000227e+00
9.580116000000000298e+00
9.728500000000000369e+00
9.876884000000000441e+00
1.002526800000000051e+01
1.017365200000000058e+01
1.032203600000000066e+01
1.047042000000000073e+01
1.061880400000000080e+01
1.076718800000000087e+01
1.091557199999999916e+01
1.106395599999999924e+01
1.121233999999999931e+01
1.136072399999999938e+01
1.150910799999999945e+01
