8.204341166666665686e+00
8.339363500000001039e+00
8.474385833333332840e+00
8.609408166666666418e+00
8.744430499999999995e+00
8.879452833333331796e+00
9.014475166666667150e+00
9.149497499999998951e+00
9.284519833333334304e+00
9.419542166666666105e+00
9.554564500000001459e+00
9.689586833333333260e+00
9.824609166666665061e+00
9.959631500000000415e+00
1.009465383333333222e+01
1.022967616666666757e+01
1.036469849999999937e+01
1.049972083333333295e+01
1.063474316666666653e+01
1.076976549999999833e+01
1.090478783333333368e+01
1.103981016666666548e+01
1.117483250000000083e+01
1.130985483333333264e+01
1.144487716666666621e+01
1.157989949999999979e+01
1.171492183333333159e+01
1.184994416666666694e+01
1.198496649999999875e+01
1.211998883333333410e+01
