7.216180333333333863e+00
7.384980999999999796e+00
7.553781666666667505e+00
7.722582333333333438e+00
7.891382999999999370e+00
8.060183666666667079e+00
8.228984333333333012e+00
8.397785000000000721e+00
8.566585666666666654e+00
8.735386333333334363e+00
8.904187000000000296e+00
9.072987666666666229e+00
9.241788333333333938e+00
9.410588999999999871e+00
9.579389666666667580e+00
9.748190333333333513e+00
9.916990999999999445e+00
1.008579166666666715e+01
1.025459233333333309e+01
1.042339300000000080e+01
1.059219366666666673e+01
1.076099433333333266e+01
1.092979500000000037e+01
1.109859566666666630e+01
1.126739633333333401e+01
1.143619699999999995e+01
1.160499766666666766e+01
1.177379833333333359e+01
1.194259899999999952e+01
1.211139966666666723e+01
