8.661794499999999175e+00
8.770923499999998540e+00
8.880052499999999682e+00
8.989181499999999048e+00
9.098310500000000189e+00
9.207439499999999555e+00
9.316568499999998920e+00
9.425697500000000062e+00
9.534826499999999427e+00
9.643955500000000569e+00
9.753084499999999935e+00
9.862213499999999300e+00
9.971342499999998665e+00
1.008047149999999981e+01
1.018960049999999917e+01
1.029872950000000031e+01
1.040785849999999968e+01
1.051698749999999905e+01
1.062611650000000019e+01
1.073524549999999955e+01
1.084437450000000069e+01
1.095350350000000006e+01
1.106263249999999942e+01
1.117176150000000057e+01
1.128089049999999993e+01
1.139001949999999930e+01
1.149914850000000044e+01
1.160827749999999980e+01
1.171740649999999917e+01
1.182653550000000031e+01
