8.366338333333333210e+00
8.489415000000001044e+00
8.612491666666667101e+00
8.735568333333333157e+00
8.858644999999999214e+00
8.981721666666667048e+00
9.104798333333333105e+00
9.227875000000000938e+00
9.350951666666666995e+00
9.474028333333333052e+00
9.597104999999999109e+00
9.720181666666666942e+00
9.843258333333332999e+00
9.966335000000000832e+00
1.008941166666666689e+01
1.021248833333333295e+01
1.033556499999999900e+01
1.045864166666666684e+01
1.058171833333333289e+01
1.070479500000000073e+01
1.082787166666666678e+01
1.095094833333333284e+01
1.107402500000000067e+01
1.119710166666666673e+01
1.132017833333333279e+01
1.144325500000000062e+01
1.156633166666666668e+01
1.168940833333333273e+01
1.181248500000000057e+01
1.193556166666666662e+01
