8.169453166666666988e+00
8.305939500000000919e+00
8.442425833333333074e+00
8.578912166666667005e+00
8.715398499999999160e+00
8.851884833333333091e+00
8.988371166666667023e+00
9.124857500000000954e+00
9.261343833333333109e+00
9.397830166666667040e+00
9.534316499999999195e+00
9.670802833333333126e+00
9.807289166666667057e+00
9.943775500000000989e+00
1.008026183333333314e+01
1.021674816666666707e+01
1.035323450000000101e+01
1.048972083333333316e+01
1.062620716666666709e+01
1.076269350000000102e+01
1.089917983333333318e+01
1.103566616666666711e+01
1.117215250000000104e+01
1.130863883333333320e+01
1.144512516666666713e+01
1.158161150000000106e+01
1.171809783333333321e+01
1.185458416666666714e+01
1.199107050000000108e+01
1.212755683333333323e+01
