-2.895288666666666622e+00
-2.697906000000000137e+00
-2.500523333333333653e+00
-2.303140666666666725e+00
-2.105757999999999797e+00
-1.908375333333333312e+00
-1.710992666666666828e+00
-1.513609999999999900e+00
-1.316227333333333416e+00
-1.118844666666666487e+00
-9.214619999999998923e-01
-7.240793333333332971e-01
-5.266966666666665908e-01
-3.293139999999998846e-01
-1.319313333333331784e-01
6.545133333333352788e-02
2.628340000000000121e-01
4.602166666666667183e-01
6.575993333333334245e-01
8.549820000000001308e-01
1.052364666666666837e+00
1.249747333333333543e+00
1.447130000000000472e+00
1.644512666666666956e+00
1.841895333333333440e+00
2.039278000000000368e+00
2.236660666666666852e+00
2.434043333333333337e+00
2.631426000000000265e+00
2.828808666666667193e+00
