-2.865845166666666444e+00
-2.671755499999999728e+00
-2.477665833333333012e+00
-2.283576166666666296e+00
-2.089486499999999580e+00
-1.895396833333333309e+00
-1.701307166666666593e+00
-1.507217499999999877e+00
-1.313127833333333161e+00
-1.119038166666666445e+00
-9.249484999999997292e-01
-7.308588333333332354e-01
-5.367691666666667416e-01
-3.426795000000000258e-01
-1.485898333333333099e-01
4.549983333333340596e-02
2.395895000000001218e-01
4.336791666666668377e-01
6.277688333333335535e-01
8.218585000000002694e-01
1.015948166666666985e+00
1.210037833333333701e+00
1.404127500000000417e+00
1.598217166666666689e+00
1.792306833333332960e+00
1.986396499999999676e+00
2.180486166666666392e+00
2.374575833333333108e+00
2.568665499999999824e+00
2.762755166666666540e+00
