-2.842109500000000288e+00
-2.644268499999999911e+00
-2.446427500000000421e+00
-2.248586500000000044e+00
-2.050745499999999666e+00
-1.852904499999999954e+00
-1.655063499999999799e+00
-1.457222499999999865e+00
-1.259381499999999932e+00
-1.061540499999999998e+00
-8.636994999999998424e-01
-6.658584999999999088e-01
-4.680174999999999752e-01
-2.701764999999998196e-01
-7.233549999999966396e-02
1.255055000000002696e-01
3.233465000000002032e-01
5.211875000000001368e-01
7.190285000000002924e-01
9.168695000000004480e-01
1.114710500000000160e+00
1.312551500000000093e+00
1.510392500000000471e+00
1.708233500000000404e+00
1.906074500000000338e+00
2.103915500000000272e+00
2.301756500000000205e+00
2.499597500000000583e+00
2.697438500000000516e+00
2.895279500000000006e+00
