-2.889616166666666874e+00
-2.691968500000000208e+00
-2.494320833333333542e+00
-2.296673166666666877e+00
-2.099025500000000211e+00
-1.901377833333333545e+00
-1.703730166666666879e+00
-1.506082500000000213e+00
-1.308434833333333547e+00
-1.110787166666666881e+00
-9.131395000000002149e-01
-7.154918333333335489e-01
-5.178441666666668830e-01
-3.201965000000002171e-01
-1.225488333333335511e-01
7.509883333333311484e-02
2.727464999999997808e-01
4.703941666666664467e-01
6.680418333333331127e-01
8.656894999999997786e-01
1.063337166666666445e+00
1.260984833333333111e+00
1.458632499999999776e+00
1.656280166666666442e+00
1.853927833333333108e+00
2.051575499999999774e+00
2.249223166666666440e+00
2.446870833333333106e+00
2.644518499999999772e+00
2.842166166666666882e+00
