-2.894177000000000000e+00
-2.694570999999999827e+00
-2.494965000000000099e+00
-2.295358999999999927e+00
-2.095753000000000199e+00
-1.896147000000000027e+00
-1.696540999999999855e+00
-1.496935000000000127e+00
-1.297328999999999954e+00
-1.097723000000000226e+00
-8.981170000000000542e-01
-6.985109999999998820e-01
-4.989049999999999319e-01
-2.992989999999999817e-01
-9.969300000000003159e-02
9.991299999999991854e-02
2.995190000000000907e-01
4.991250000000000409e-01
6.987309999999999910e-01
8.983369999999999411e-01
1.097942999999999891e+00
1.297549000000000063e+00
1.497155000000000236e+00
1.696761000000000408e+00
1.896367000000000136e+00
2.095972999999999864e+00
2.295579000000000036e+00
2.495185000000000208e+00
2.694791000000000381e+00
2.894397000000000553e+00
