-3.052053833333332911e+00
-2.859861500000000056e+00
-2.667669166666666314e+00
-2.475476833333333460e+00
-2.283284499999999717e+00
-2.091092166666666419e+00
-1.898899833333333120e+00
-1.706707499999999822e+00
-1.514515166666666524e+00
-1.322322833333333225e+00
-1.130130499999999927e+00
-9.379381666666664064e-01
-7.457458333333331080e-01
-5.535534999999998096e-01
-3.613611666666665112e-01
-1.691688333333332128e-01
2.302350000000008556e-02
2.152158333333333839e-01
4.074081666666666823e-01
5.996004999999999807e-01
7.917928333333332791e-01
9.839851666666667995e-01
1.176177500000000098e+00
1.368369833333333396e+00
1.560562166666666695e+00
1.752754499999999993e+00
1.944946833333333291e+00
2.137139166666666590e+00
2.329331499999999888e+00
2.521523833333333187e+00
