-2.889724999999999877e+00
-2.693194999999999784e+00
-2.496664999999999690e+00
-2.300135000000000041e+00
-2.103604999999999947e+00
-1.907074999999999854e+00
-1.710544999999999760e+00
-1.514014999999999889e+00
-1.317484999999999795e+00
-1.120954999999999924e+00
-9.244249999999998302e-01
-7.278949999999997367e-01
-5.313649999999996432e-01
-3.348349999999997717e-01
-1.383049999999999002e-01
5.822500000000019327e-02
2.547550000000002868e-01
4.512850000000003803e-01
6.478150000000002517e-01
8.443450000000001232e-01
1.040875000000000217e+00
1.237405000000000310e+00
1.433935000000000404e+00
1.630465000000000497e+00
1.826995000000000591e+00
2.023525000000000684e+00
2.220055000000000334e+00
2.416584999999999983e+00
2.613115000000000077e+00
2.809645000000000170e+00
