-3.047215666666666323e+00
-2.845346999999999849e+00
-2.643478333333333374e+00
-2.441609666666666456e+00
-2.239740999999999538e+00
-2.037872333333333064e+00
-1.836003666666666589e+00
-1.634134999999999671e+00
-1.432266333333333197e+00
-1.230397666666666501e+00
-1.028528999999999805e+00
-8.266603333333331083e-01
-6.247916666666664121e-01
-4.229229999999997158e-01
-2.210543333333330196e-01
-1.918566666666632337e-02
1.826830000000001508e-01
3.845516666666668470e-01
5.864203333333335433e-01
7.882890000000000175e-01
9.901576666666667137e-01
1.192026333333333632e+00
1.393895000000000550e+00
1.595763666666667024e+00
1.797632333333333499e+00
1.999501000000000417e+00
2.201369666666666891e+00
2.403238333333333365e+00
2.605107000000000284e+00
2.806975666666667202e+00
