-3.056057833333333029e+00
-2.871873499999999524e+00
-2.687689166666666463e+00
-2.503504833333332957e+00
-2.319320499999999896e+00
-2.135136166666666391e+00
-1.950951833333332885e+00
-1.766767499999999824e+00
-1.582583166666666319e+00
-1.398398833333333258e+00
-1.214214499999999752e+00
-1.030030166666666247e+00
-8.458458333333329637e-01
-6.616614999999996805e-01
-4.774771666666663972e-01
-2.932928333333331139e-01
-1.091084999999996086e-01
7.507583333333367470e-02
2.592601666666669580e-01
4.434445000000002413e-01
6.276288333333335245e-01
8.118131666666670299e-01
9.959975000000005352e-01
1.180181833333334041e+00
1.364366166666667102e+00
1.548550500000000163e+00
1.732734833333333668e+00
1.916919166666667174e+00
2.101103500000000679e+00
2.285287833333333740e+00
