-2.876545166666666820e+00
-2.693695500000000020e+00
-2.510845833333333665e+00
-2.327996166666666866e+00
-2.145146500000000067e+00
-1.962296833333333268e+00
-1.779447166666666913e+00
-1.596597500000000114e+00
-1.413747833333333315e+00
-1.230898166666666516e+00
-1.048048500000000161e+00
-8.651988333333333614e-01
-6.823491666666665623e-01
-4.994994999999999852e-01
-3.166498333333334081e-01
-1.338001666666666090e-01
4.904950000000019017e-02
2.318991666666669893e-01
4.147488333333335664e-01
5.975985000000001435e-01
7.804481666666669426e-01
9.632978333333335197e-01
1.146147500000000097e+00
1.328997166666666896e+00
1.511846833333333695e+00
1.694696500000000494e+00
1.877546166666667293e+00
2.060395833333333648e+00
2.243245500000000003e+00
2.426095166666666803e+00
