-3.241075999999999624e+00
-3.026527999999999885e+00
-2.811980000000000146e+00
-2.597431999999999963e+00
-2.382883999999999780e+00
-2.168336000000000041e+00
-1.953787999999999858e+00
-1.739240000000000119e+00
-1.524691999999999936e+00
-1.310143999999999975e+00
-1.095596000000000014e+00
-8.810480000000000533e-01
-6.665000000000000924e-01
-4.519520000000001314e-01
-2.374040000000001704e-01
-2.285600000000020948e-02
1.916919999999999735e-01
4.062399999999999345e-01
6.207879999999996734e-01
8.353359999999998564e-01
1.049884000000000039e+00
1.264431999999999778e+00
1.478979999999999517e+00
1.693527999999999700e+00
1.908075999999999883e+00
2.122623999999999622e+00
2.337171999999999805e+00
2.551719999999999988e+00
2.766267999999999727e+00
2.980815999999999910e+00
