-3.243745333333333036e+00
-3.034536000000000122e+00
-2.825326666666666320e+00
-2.616117333333333406e+00
-2.406908000000000047e+00
-2.197698666666666689e+00
-1.988489333333333331e+00
-1.779279999999999973e+00
-1.570070666666666614e+00
-1.360861333333333256e+00
-1.151652000000000120e+00
-9.424426666666667618e-01
-7.332333333333334036e-01
-5.240240000000000453e-01
-3.148146666666666871e-01
-1.056053333333333288e-01
1.036040000000000294e-01
3.128133333333333876e-01
5.220226666666667459e-01
7.312319999999998821e-01
9.404413333333332403e-01
1.149650666666666599e+00
1.358859999999999957e+00
1.568069333333333315e+00
1.777278666666666673e+00
1.986488000000000032e+00
2.195697333333333390e+00
2.404906666666666748e+00
2.614116000000000106e+00
2.823325333333333464e+00
