-3.185019999999999740e+00
-2.978480000000000238e+00
-2.771939999999999849e+00
-2.565399999999999903e+00
-2.358859999999999957e+00
-2.152319999999999567e+00
-1.945779999999999843e+00
-1.739239999999999897e+00
-1.532699999999999951e+00
-1.326160000000000005e+00
-1.119620000000000060e+00
-9.130799999999998917e-01
-7.065399999999997238e-01
-4.999999999999997780e-01
-2.934599999999998321e-01
-8.691999999999988624e-02
1.196200000000000596e-01
3.261600000000000055e-01
5.326999999999999513e-01
7.392399999999998972e-01
9.457800000000000651e-01
1.152320000000000011e+00
1.358859999999999957e+00
1.565400000000000347e+00
1.771940000000000293e+00
1.978480000000000238e+00
2.185020000000000184e+00
2.391560000000000130e+00
2.598100000000000076e+00
2.804640000000000022e+00
