-3.063899000000000150e+00
-2.855356999999999701e+00
-2.646815000000000140e+00
-2.438272999999999691e+00
-2.229731000000000130e+00
-2.021189000000000124e+00
-1.812647000000000119e+00
-1.604105000000000114e+00
-1.395563000000000109e+00
-1.187021000000000104e+00
-9.784790000000003207e-01
-7.699370000000003156e-01
-5.613950000000003104e-01
-3.528530000000003053e-01
-1.443110000000003001e-01
6.423099999999970500e-02
2.727729999999997101e-01
4.813149999999997153e-01
6.898569999999997204e-01
8.983989999999995035e-01
1.106940999999999509e+00
1.315482999999999514e+00
1.524024999999999519e+00
1.732566999999999524e+00
1.941108999999999529e+00
2.149650999999999534e+00
2.358192999999999540e+00
2.566734999999999545e+00
2.775276999999999550e+00
2.983818999999999555e+00
