1.046483333333333293e-02
1.333449999999999913e-02
1.620416666666666533e-02
1.907383333333333500e-02
2.194350000000000120e-02
2.481316666666666740e-02
2.768283333333333360e-02
3.055249999999999980e-02
3.342216666666666947e-02
3.629183333333332873e-02
3.916150000000000186e-02
4.203116666666666806e-02
4.490083333333333426e-02
4.777050000000000046e-02
5.064016666666666666e-02
5.350983333333333286e-02
5.637949999999999906e-02
5.924916666666666526e-02
6.211883333333333146e-02
6.498850000000000460e-02
6.785816666666666386e-02
7.072783333333332312e-02
7.359749999999999626e-02
7.646716666666666939e-02
7.933683333333332866e-02
8.220649999999998792e-02
8.507616666666666105e-02
8.794583333333333419e-02
9.081549999999999345e-02
9.368516666666665271e-02
