2.619149999999999950e-02
6.051449999999999885e-02
9.483749999999999125e-02
1.291605000000000114e-01
1.634835000000000038e-01
1.978064999999999962e-01
2.321295000000000164e-01
2.664524999999999810e-01
3.007754999999999734e-01
3.350984999999999658e-01
3.694214999999999582e-01
4.037444999999999506e-01
4.380674999999999986e-01
4.723904999999999910e-01
5.067135000000000389e-01
5.410364999999999203e-01
5.753595000000000237e-01
6.096824999999999051e-01
6.440055000000000085e-01
6.783284999999998899e-01
7.126514999999999933e-01
7.469744999999998747e-01
7.812974999999999781e-01
8.156204999999999705e-01
8.499434999999999629e-01
8.842665000000000664e-01
9.185894999999999477e-01
9.529125000000000512e-01
9.872354999999999325e-01
1.021558500000000036e+00
1.055881499999999917e+00
1.090204500000000021e+00
1.124527500000000124e+00
1.158850500000000228e+00
1.193173500000000109e+00
1.227496499999999990e+00
1.261819500000000094e+00
1.296142500000000197e+00
1.330465500000000079e+00
1.364788499999999960e+00
