2.839033333333333686e-02
4.263100000000000223e-02
5.687166666666666759e-02
7.111233333333333295e-02
8.535300000000001219e-02
9.959366666666666368e-02
1.138343333333333429e-01
1.280749999999999944e-01
1.423156666666666736e-01
1.565563333333333529e-01
1.707970000000000321e-01
1.850376666666666836e-01
1.992783333333333351e-01
2.135190000000000143e-01
2.277596666666666936e-01
2.420003333333333451e-01
2.562409999999999966e-01
2.704816666666666758e-01
2.847223333333333550e-01
2.989630000000000343e-01
3.132036666666666580e-01
3.274443333333333372e-01
3.416850000000000165e-01
3.559256666666666957e-01
3.701663333333333750e-01
3.844070000000000542e-01
3.986476666666666779e-01
4.128883333333333572e-01
4.271290000000000364e-01
4.413696666666666601e-01
