4.246616666666666595e-02
6.203850000000000336e-02
8.161083333333334078e-02
1.011831666666666713e-01
1.207555000000000017e-01
1.403278333333333461e-01
1.599001666666666766e-01
1.794725000000000070e-01
1.990448333333333375e-01
2.186171666666666680e-01
2.381894999999999984e-01
2.577618333333333567e-01
2.773341666666666594e-01
2.969064999999999621e-01
3.164788333333333203e-01
3.360511666666666786e-01
3.556234999999999813e-01
3.751958333333333395e-01
3.947681666666666978e-01
4.143405000000000005e-01
4.339128333333333032e-01
4.534851666666666614e-01
4.730575000000000196e-01
4.926298333333333779e-01
5.122021666666667361e-01
5.317745000000000388e-01
5.513468333333333415e-01
5.709191666666667553e-01
5.904915000000000580e-01
6.100638333333333607e-01
