1.126158333333333317e-01
1.541275000000000006e-01
1.956391666666666418e-01
2.371508333333333107e-01
2.786624999999999797e-01
3.201741666666666486e-01
3.616858333333332620e-01
4.031974999999999865e-01
4.447091666666665999e-01
4.862208333333333243e-01
5.277324999999999378e-01
5.692441666666665512e-01
6.107558333333332756e-01
6.522675000000000001e-01
6.937791666666666135e-01
7.352908333333332269e-01
7.768024999999998403e-01
8.183141666666665648e-01
8.598258333333332892e-01
9.013374999999999027e-01
9.428491666666665161e-01
9.843608333333332405e-01
1.025872499999999965e+00
1.067384166666666578e+00
1.108895833333333192e+00
1.150407500000000027e+00
1.191919166666666641e+00
1.233430833333333254e+00
1.274942499999999868e+00
1.316454166666666481e+00
