2.620584412500000238e-02
6.060139237500000720e-02
9.499694062500001202e-02
1.293924888750000168e-01
1.637880371250000355e-01
1.981835853750000265e-01
2.325791336250000452e-01
2.669746818750000084e-01
3.013702301250000271e-01
3.357657783750000458e-01
3.701613266250000089e-01
4.045568748750000276e-01
4.389524231250000463e-01
4.733479713750000650e-01
5.077435196250000837e-01
5.421390678750001024e-01
5.765346161250001211e-01
6.109301643750001398e-01
6.453257126250001585e-01
6.797212608750001772e-01
7.141168091250000849e-01
7.485123573750001036e-01
7.829079056250001223e-01
8.173034538750001410e-01
8.516990021250001597e-01
8.860945503750001784e-01
9.204900986250001971e-01
9.548856468750002158e-01
9.892811951250000124e-01
1.023676743375000031e+00
1.058072291625000050e+00
1.092467839875000069e+00
1.126863388125000087e+00
1.161258936375000106e+00
1.195654484625000125e+00
1.230050032875000143e+00
1.264445581125000162e+00
1.298841129375000181e+00
1.333236677625000199e+00
1.367632225874999996e+00
