1.134067466666666690e-01
1.565058400000000072e-01
1.996049333333333176e-01
2.427040266666666557e-01
2.858031199999999661e-01
3.289022133333333597e-01
3.720013066666666424e-01
4.151003999999999805e-01
4.581994933333333186e-01
5.012985866666666013e-01
5.443976799999999949e-01
5.874967733333332776e-01
6.305958666666666712e-01
6.736949599999999538e-01
7.167940533333332365e-01
7.598931466666666301e-01
8.029922399999999127e-01
8.460913333333333064e-01
8.891904266666665890e-01
9.322895199999998717e-01
9.753886133333332653e-01
1.018487706666666659e+00
1.061586799999999942e+00
1.104685893333333224e+00
1.147784986666666507e+00
1.190884080000000012e+00
1.233983173333333294e+00
1.277082266666666577e+00
1.320181359999999859e+00
1.363280453333333142e+00
