2.840505333333333271e-02
4.263955999999999996e-02
5.687406666666666721e-02
7.110857333333334140e-02
8.534308000000000172e-02
9.957758666666666203e-02
1.138120933333333362e-01
1.280466000000000104e-01
1.422811066666666568e-01
1.565156133333333588e-01
1.707501200000000052e-01
1.849846266666666517e-01
1.992191333333333536e-01
2.134536400000000000e-01
2.276881466666666465e-01
2.419226533333333484e-01
2.561571599999999949e-01
2.703916666666666968e-01
2.846261733333333988e-01
2.988606800000000452e-01
3.130951866666666916e-01
3.273296933333333936e-01
3.415642000000000400e-01
3.557987066666666864e-01
3.700332133333333884e-01
3.842677200000000348e-01
3.985022266666666813e-01
4.127367333333333832e-01
4.269712400000000296e-01
4.412057466666666761e-01
