1.049577383333333280e-02
1.347118149999999848e-02
1.644658916666666762e-02
1.942199683333333329e-02
2.239740449999999897e-02
2.537281216666666811e-02
2.834821983333333378e-02
3.132362749999999946e-02
3.429903516666666513e-02
3.727444283333333080e-02
4.024985049999999648e-02
4.322525816666666909e-02
4.620066583333333476e-02
4.917607350000000044e-02
5.215148116666666611e-02
5.512688883333333179e-02
5.810229649999999746e-02
6.107770416666666313e-02
6.405311183333332881e-02
6.702851949999999448e-02
7.000392716666666015e-02
7.297933483333332583e-02
7.595474249999999150e-02
7.893015016666667105e-02
8.190555783333333673e-02
8.488096550000000240e-02
8.785637316666666807e-02
9.083178083333333375e-02
9.380718849999999942e-02
9.678259616666666509e-02
