4.197473000000000176e-02
6.156778999999999724e-02
8.116085000000000660e-02
1.007539100000000021e-01
1.203469699999999976e-01
1.399400299999999930e-01
1.595330899999999885e-01
1.791261499999999840e-01
1.987192099999999795e-01
2.183122699999999750e-01
2.379053299999999704e-01
2.574983899999999659e-01
2.770914500000000169e-01
2.966845099999999569e-01
3.162775700000000079e-01
3.358706299999999478e-01
3.554636899999999988e-01
3.750567499999999388e-01
3.946498099999999898e-01
4.142428699999999298e-01
4.338359299999999807e-01
4.534289899999999207e-01
4.730220499999999717e-01
4.926151100000000227e-01
5.122081700000000737e-01
5.318012300000000137e-01
5.513942899999999536e-01
5.709873500000000046e-01
5.905804100000000556e-01
6.101734699999999956e-01
