2.626554149999999616e-02
6.079046449999999518e-02
9.531538749999998728e-02
1.298403105000000002e-01
1.643652334999999853e-01
1.988901564999999705e-01
2.334150795000000111e-01
2.679400024999999963e-01
3.024649254999999815e-01
3.369898484999999666e-01
3.715147715000000073e-01
4.060396944999999924e-01
4.405646174999999776e-01
4.750895404999999627e-01
5.096144635000000589e-01
5.441393865000000440e-01
5.786643095000000292e-01
6.131892325000000143e-01
6.477141554999999995e-01
6.822390784999999847e-01
7.167640015000000808e-01
7.512889245000000660e-01
7.858138475000000511e-01
8.203387705000000363e-01
8.548636935000000214e-01
8.893886165000000066e-01
9.239135394999999917e-01
9.584384624999999769e-01
9.929633855000000731e-01
1.027488308500000169e+00
1.062013231499999932e+00
1.096538154500000140e+00
1.131063077499999903e+00
1.165588000500000110e+00
1.200112923499999873e+00
1.234637846500000080e+00
1.269162769499999843e+00
1.303687692500000050e+00
1.338212615499999814e+00
1.372737538500000021e+00
