3.985258999999999330e-02
5.951856999999999287e-02
7.918454999999999244e-02
9.885052999999997814e-02
1.185165099999999777e-01
1.381824899999999912e-01
1.578484699999999630e-01
1.775144499999999903e-01
1.971804299999999621e-01
2.168464099999999894e-01
2.365123899999999613e-01
2.561783699999999331e-01
2.758443499999999604e-01
2.955103299999999322e-01
3.151763099999999040e-01
3.348422899999999314e-01
3.545082699999999032e-01
3.741742499999999305e-01
3.938402299999999023e-01
4.135062099999998741e-01
4.331721899999999015e-01
4.528381699999999288e-01
4.725041499999999006e-01
4.921701299999998724e-01
5.118361099999999553e-01
5.315020899999999271e-01
5.511680699999998989e-01
5.708340499999999818e-01
5.905000299999998425e-01
6.101660099999999254e-01
