7.973724333333333247e-02
1.241529299999999947e-01
1.685686166666666708e-01
2.129843033333333191e-01
2.573999900000000229e-01
3.018156766666666435e-01
3.462313633333332641e-01
3.906470499999999957e-01
4.350627366666666163e-01
4.794784233333332923e-01
5.238941099999998574e-01
5.683097966666665890e-01
6.127254833333332096e-01
6.571411699999998302e-01
7.015568566666665618e-01
7.459725433333332933e-01
7.903882299999998029e-01
8.348039166666665345e-01
8.792196033333332661e-01
9.236352899999998867e-01
9.680509766666665072e-01
1.012466663333333239e+00
1.056882349999999970e+00
1.101298036666666480e+00
1.145713723333332990e+00
1.190129409999999943e+00
1.234545096666666453e+00
1.278960783333333184e+00
1.323376469999999916e+00
1.367792156666666425e+00
