2.728912333333333509e-02
4.161817000000000294e-02
5.594721666666666732e-02
7.027626333333333863e-02
8.460531000000000301e-02
9.893435666666666739e-02
1.132634033333333456e-01
1.275924500000000239e-01
1.419214966666666744e-01
1.562505433333333249e-01
1.705795900000000032e-01
1.849086366666666814e-01
1.992376833333333597e-01
2.135667300000000102e-01
2.278957766666666607e-01
2.422248233333333389e-01
2.565538700000000172e-01
2.708829166666666954e-01
2.852119633333333182e-01
2.995410099999999964e-01
3.138700566666666747e-01
3.281991033333333529e-01
3.425281500000000312e-01
3.568571966666667095e-01
3.711862433333333877e-01
3.855152900000000105e-01
3.998443366666666887e-01
4.141733833333333670e-01
4.285024300000000452e-01
4.428314766666666680e-01
