1.050302699999999985e-02
1.350292100000000106e-02
1.650281500000000054e-02
1.950270900000000002e-02
2.250260300000000296e-02
2.550249700000000244e-02
2.850239100000000192e-02
3.150228500000000487e-02
3.450217900000000781e-02
3.750207299999999688e-02
4.050196699999999983e-02
4.350186100000000278e-02
4.650175500000000572e-02
4.950164900000000867e-02
5.250154300000000468e-02
5.550143700000000069e-02
5.850133100000000363e-02
6.150122500000000658e-02
6.450111900000000953e-02
6.750101299999999860e-02
7.050090700000000155e-02
7.350080100000000449e-02
7.650069500000000744e-02
7.950058900000001039e-02
8.250048300000001333e-02
8.550037700000000240e-02
8.850027100000000535e-02
9.150016500000000830e-02
9.450005900000001124e-02
9.749995300000000031e-02
